9.254386519491672516e+02
9.258807206600904465e+02
9.232030577436089516e+02
9.085836982056498528e+02
9.085836982056498528e+02
9.085836982056498528e+02
9.123604252785444260e+02
9.123604252785444260e+02
9.123604252785444260e+02
9.123604252785444260e+02
9.123604252785444260e+02
9.114256133809685707e+02
8.662384754046797752e+02
8.662384754046797752e+02
8.339444578289985657e+02
8.174397789835929871e+02
7.944919215366244316e+02
7.944919215366244316e+02
7.877316513061523438e+02
7.877316513061523438e+02
7.720360125005245209e+02
7.720360125005245209e+02
7.720360125005245209e+02
7.720360125005245209e+02
7.661971106305718422e+02
7.551268382221460342e+02
7.562910990491509438e+02
7.530451169684529305e+02
7.301954022943973541e+02
7.138158080205321312e+02
7.121073072999715805e+02
7.121073072999715805e+02
6.997981254383921623e+02
6.914644189924001694e+02
6.887752513587474823e+02
6.846643335595726967e+02
6.875642953664064407e+02
6.819110011830925941e+02
6.796892240121960640e+02
6.796892240121960640e+02
6.796892240121960640e+02
6.796892240121960640e+02
6.796892240121960640e+02
6.739328751787543297e+02
6.767549419626593590e+02
6.767549419626593590e+02
6.767549419626593590e+02
6.767549419626593590e+02
6.726401389390230179e+02
6.673277342170476913e+02
6.673277342170476913e+02
6.673277342170476913e+02
6.587615510448813438e+02
6.587615510448813438e+02
6.438652189075946808e+02
6.438652189075946808e+02
6.401187006011605263e+02
6.401187006011605263e+02
6.404018713161349297e+02
6.404018713161349297e+02
6.308160950019955635e+02
6.053662147447466850e+02
6.053662147447466850e+02
6.053662147447466850e+02
6.013122419714927673e+02
6.013122419714927673e+02
6.037788208499550819e+02
6.037788208499550819e+02
6.037788208499550819e+02
6.007403253614902496e+02
6.007403253614902496e+02
6.007403253614902496e+02
6.007403253614902496e+02
6.007403253614902496e+02
5.902537182793021202e+02
5.776716716885566711e+02
5.776716716885566711e+02
5.746897025108337402e+02
5.746897025108337402e+02
5.746897025108337402e+02
5.739833035767078400e+02
5.739833035767078400e+02
5.688412346318364143e+02
5.630435977876186371e+02
5.630435977876186371e+02
5.625240980237722397e+02
5.625240980237722397e+02
5.632206059545278549e+02
5.623676641061902046e+02
5.664940066710114479e+02
5.680497313365340233e+02
5.680497313365340233e+02
5.624148337543010712e+02
5.624148337543010712e+02
5.631922691911458969e+02
5.631922691911458969e+02
5.631403895318508148e+02
5.623606490790843964e+02
5.623606490790843964e+02
5.642830958813428879e+02
5.642830958813428879e+02
5.642830958813428879e+02
5.642830958813428879e+02
5.642830958813428879e+02
5.642830958813428879e+02
5.642830958813428879e+02
5.645184430852532387e+02
5.645184430852532387e+02
5.639752853140234947e+02
5.627457787692546844e+02
5.627457787692546844e+02
5.627457787692546844e+02
5.651352580934762955e+02
5.627959904372692108e+02
5.627959904372692108e+02
5.626025168299674988e+02
5.626025168299674988e+02
5.628622920438647270e+02
5.628622920438647270e+02
5.628622920438647270e+02
5.628622920438647270e+02
5.628622920438647270e+02
5.628622920438647270e+02
5.628622920438647270e+02
5.649362300112843513e+02
5.649362300112843513e+02
5.649362300112843513e+02
5.637299746125936508e+02
5.637299746125936508e+02
5.637299746125936508e+02
5.686267821043729782e+02
5.652968684807419777e+02
5.647065885514020920e+02
5.653666216880083084e+02
5.653666216880083084e+02
5.650210595652461052e+02
5.650210595652461052e+02
5.653146384134888649e+02
5.653146384134888649e+02
5.653146384134888649e+02
5.653146384134888649e+02
5.653146384134888649e+02
5.650729150697588921e+02
5.647781009525060654e+02
5.647781009525060654e+02
5.637401641309261322e+02
5.637401641309261322e+02
5.637401641309261322e+02
5.637401641309261322e+02
5.637401641309261322e+02
5.637401641309261322e+02
5.630709788724780083e+02
5.631157016158103943e+02
5.646368445530533791e+02
5.659421157985925674e+02
5.659421157985925674e+02
5.659421157985925674e+02
5.635738685205578804e+02
5.635738685205578804e+02
5.631583113223314285e+02
5.627175370231270790e+02
5.627175370231270790e+02
5.627175370231270790e+02
5.627175370231270790e+02
5.627175370231270790e+02
5.627175370231270790e+02
5.627315979078412056e+02
5.627315979078412056e+02
5.627315979078412056e+02
5.627315979078412056e+02
5.637110822573304176e+02
5.637110822573304176e+02
5.645387678369879723e+02
5.637424377426505089e+02
5.637424377426505089e+02
5.628406758680939674e+02
5.629518111571669579e+02
5.629518111571669579e+02
5.639994388148188591e+02
5.639994388148188591e+02
5.639994388148188591e+02
5.648395706489682198e+02
5.642129801884293556e+02
5.642129801884293556e+02
5.642512214407324791e+02
5.642512214407324791e+02
5.652281817644834518e+02
5.652281817644834518e+02
5.652281817644834518e+02
5.629846477508544922e+02
5.629846477508544922e+02
5.629846477508544922e+02
5.643060715645551682e+02
5.629360241740942001e+02
5.629360241740942001e+02
5.632557313442230225e+02
5.632557313442230225e+02
5.632756747156381607e+02
5.632756747156381607e+02
5.632756747156381607e+02
5.632756747156381607e+02
5.632756747156381607e+02
5.632756747156381607e+02
5.632756747156381607e+02
5.632756747156381607e+02
5.632756747156381607e+02
5.632756747156381607e+02
5.632756747156381607e+02
5.632756747156381607e+02
5.653457120582461357e+02
5.623893742561340332e+02
5.627704961821436882e+02
5.628995263054966927e+02
5.628995263054966927e+02
5.626368077322840691e+02
5.626368077322840691e+02
5.632520171329379082e+02
5.625521724075078964e+02
5.625521724075078964e+02
5.625521724075078964e+02
5.625521724075078964e+02
5.625521724075078964e+02
5.625521724075078964e+02
5.625521724075078964e+02
5.657867238670587540e+02
5.657867238670587540e+02
5.657867238670587540e+02
5.640462872684001923e+02
5.640462872684001923e+02
5.692807737067341805e+02
5.692807737067341805e+02
5.718535770326852798e+02
5.698979702219367027e+02
5.698979702219367027e+02
5.671827638149261475e+02
5.671827638149261475e+02
5.671827638149261475e+02
5.671827638149261475e+02
5.644350778684020042e+02
5.644350778684020042e+02
5.629356496259570122e+02
5.640088527426123619e+02
5.640088527426123619e+02
5.623804545253515244e+02
5.623804545253515244e+02
5.639908617138862610e+02
5.639908617138862610e+02
5.639908617138862610e+02
5.639908617138862610e+02
5.630598894730210304e+02
5.628645047172904015e+02
5.622972307056188583e+02
5.622972307056188583e+02
5.622972307056188583e+02
5.622972307056188583e+02
5.622972307056188583e+02
5.622972307056188583e+02
5.622972307056188583e+02
5.622972307056188583e+02
5.622972307056188583e+02
5.622972307056188583e+02
5.630952824801206589e+02
5.625435651391744614e+02
5.625435651391744614e+02
5.632179349213838577e+02
5.632179349213838577e+02
5.626608025580644608e+02
5.642941468134522438e+02
5.642941468134522438e+02
5.645885217040777206e+02
5.678256334513425827e+02
5.678256334513425827e+02
5.678256334513425827e+02
5.709477067887783051e+02
5.684696189835667610e+02
5.672355895265936852e+02
5.664608029350638390e+02
5.625273476615548134e+02
5.632175196632742882e+02
5.630790514498949051e+02
5.630790514498949051e+02
5.630790514498949051e+02
5.627892616242170334e+02
5.629816231280565262e+02
5.629816231280565262e+02
5.652630713209509850e+02
5.651242831945419312e+02
5.652522240206599236e+02
5.629905456081032753e+02
5.630574371591210365e+02
5.630574371591210365e+02
5.630574371591210365e+02
5.628294312283396721e+02
5.628294312283396721e+02
5.628294312283396721e+02
5.628294312283396721e+02
5.639254713952541351e+02
5.642426017373800278e+02
5.623931486532092094e+02
5.623378339335322380e+02
5.642169411256909370e+02
5.653542292863130569e+02
5.653542292863130569e+02
5.653542292863130569e+02
5.659620287120342255e+02
5.659620287120342255e+02
5.659620287120342255e+02
5.659620287120342255e+02
5.628044325783848763e+02
5.628044325783848763e+02
5.634925763309001923e+02
5.648133454844355583e+02
5.648133454844355583e+02
5.648133454844355583e+02
5.626195457801222801e+02
5.625971878021955490e+02
5.627927156612277031e+02
5.627927156612277031e+02
5.627927156612277031e+02
5.627927156612277031e+02
5.627927156612277031e+02
5.627927156612277031e+02
5.627927156612277031e+02
5.643121373727917671e+02
5.643121373727917671e+02
5.632460596337914467e+02
5.632460596337914467e+02
5.653954754918813705e+02
5.653954754918813705e+02
5.653954754918813705e+02
5.656785273551940918e+02
5.656785273551940918e+02
5.639373224377632141e+02
5.639373224377632141e+02
5.639373224377632141e+02
5.624712193608283997e+02
5.624712193608283997e+02
5.628336767032742500e+02
5.628336767032742500e+02
5.628336767032742500e+02
5.628336767032742500e+02
5.635709717720746994e+02
5.630626919716596603e+02
5.638434847518801689e+02
5.638434847518801689e+02
5.638434847518801689e+02
5.638434847518801689e+02
5.624972030073404312e+02
5.623779263794422150e+02
5.623779263794422150e+02
5.623779263794422150e+02
5.623779263794422150e+02
5.623779263794422150e+02
5.623779263794422150e+02
5.633185572475194931e+02
5.623290481641888618e+02
5.647299221828579903e+02
5.647299221828579903e+02
5.647299221828579903e+02
5.643165516927838326e+02
5.641934907063841820e+02
5.641934907063841820e+02
5.637850517854094505e+02
5.637850517854094505e+02
5.632988634034991264e+02
5.632988634034991264e+02
5.646632552072405815e+02
5.646632552072405815e+02
5.627128836885094643e+02
5.627128836885094643e+02
5.635231500640511513e+02
5.635231500640511513e+02
5.634424894750118256e+02
5.634424894750118256e+02
5.634424894750118256e+02
5.634424894750118256e+02
5.634424894750118256e+02
5.634424894750118256e+02
5.634424894750118256e+02
5.634424894750118256e+02
5.681594196707010269e+02
5.642147956043481827e+02
5.642147956043481827e+02
5.642147956043481827e+02
5.678049967065453529e+02
5.678049967065453529e+02
5.678049967065453529e+02
5.678049967065453529e+02
5.678049967065453529e+02
5.678049967065453529e+02
5.642048738151788712e+02
5.642048738151788712e+02
5.636500101685523987e+02
5.634158199578523636e+02
5.634158199578523636e+02
5.634158199578523636e+02
5.639370944947004318e+02
5.639370944947004318e+02
5.648499819040298462e+02
5.638405663743615150e+02
5.632050011157989502e+02
5.638227497413754463e+02
5.635206179171800613e+02
5.635206179171800613e+02
5.630736871585249901e+02
5.628287598788738251e+02
5.628287598788738251e+02
5.635889344662427902e+02
5.624127426669001579e+02
5.624127426669001579e+02
5.624127426669001579e+02
5.630827128961682320e+02
5.623228091001510620e+02
5.664936803877353668e+02
5.664936803877353668e+02
5.640353945195674896e+02
5.671177404224872589e+02
5.648942545428872108e+02
5.648942545428872108e+02
5.648942545428872108e+02
5.648942545428872108e+02
5.648942545428872108e+02
5.648942545428872108e+02
5.648942545428872108e+02
5.649163536205887794e+02
5.649163536205887794e+02
5.685287407338619232e+02
5.630864893719553947e+02
5.630864893719553947e+02
5.630864893719553947e+02
5.632566442191600800e+02
5.629199394881725311e+02
5.652729107588529587e+02
5.652729107588529587e+02
5.630651424378156662e+02
5.630651424378156662e+02
5.636415997520089149e+02
5.637470180243253708e+02
5.626845733895897865e+02
5.644945164024829865e+02
5.635893227458000183e+02
5.635893227458000183e+02
5.635893227458000183e+02
5.635893227458000183e+02
5.635893227458000183e+02
5.632583632692694664e+02
5.632583632692694664e+02
5.626980389356613159e+02
5.626980389356613159e+02
5.626980389356613159e+02
5.635266512036323547e+02
5.635266512036323547e+02
5.635266512036323547e+02
5.684760340526700020e+02
5.684760340526700020e+02
5.684760340526700020e+02
5.685114680603146553e+02
5.685114680603146553e+02
5.684871478155255318e+02
5.692886549904942513e+02
5.658564421758055687e+02
5.658564421758055687e+02
5.651134879440069199e+02
5.660260110720992088e+02
5.651154677569866180e+02
5.628129574134945869e+02
5.633036590516567230e+02
5.670167932584881783e+02
5.670167932584881783e+02
5.670167932584881783e+02
5.670167932584881783e+02
5.670167932584881783e+02
5.670167932584881783e+02
5.670479129329323769e+02
5.670479129329323769e+02
5.670479129329323769e+02
5.670479129329323769e+02
5.670479129329323769e+02
5.632040638923645020e+02
5.632040638923645020e+02
5.630297844633460045e+02
5.630297844633460045e+02
5.635167592093348503e+02
5.635167592093348503e+02
5.635167592093348503e+02
5.635167592093348503e+02
5.653887378424406052e+02
5.640147292837500572e+02
5.640147292837500572e+02
5.640147292837500572e+02
5.625728710964322090e+02
5.625728710964322090e+02
5.625728710964322090e+02
5.625728710964322090e+02
5.625595627203583717e+02
5.626772692501544952e+02
5.626772692501544952e+02
5.623296930789947510e+02
5.629408842772245407e+02
5.626883853077888489e+02
5.626883853077888489e+02
5.626883853077888489e+02
5.628177861347794533e+02
5.628177861347794533e+02
5.634307465106248856e+02
5.634307465106248856e+02
5.634307465106248856e+02
5.641901576742529869e+02
5.628716367408633232e+02
5.628716367408633232e+02
5.631979181319475174e+02
5.631979181319475174e+02
5.637719140276312828e+02
5.654417567774653435e+02
5.647129145488142967e+02
5.647129145488142967e+02
5.647129145488142967e+02
5.628116255030035973e+02
5.626198853552341461e+02
5.626198853552341461e+02
5.627076759487390518e+02
5.627076759487390518e+02
5.627076759487390518e+02
5.627076759487390518e+02
5.623852626159787178e+02
5.623852626159787178e+02
5.642780863121151924e+02
5.640278957858681679e+02
5.640278957858681679e+02
5.640278957858681679e+02
5.640278957858681679e+02
5.626582500189542770e+02
5.626582500189542770e+02
5.626582500189542770e+02
5.628228192776441574e+02
5.628228192776441574e+02
5.632386947721242905e+02
5.630934585034847260e+02
5.630934585034847260e+02
5.630934585034847260e+02
5.630934585034847260e+02
5.630934585034847260e+02
5.630934585034847260e+02
5.630934585034847260e+02
5.633095058128237724e+02
5.633095058128237724e+02
5.627522134333848953e+02
5.635704153403639793e+02
5.635704153403639793e+02
5.633971116319298744e+02
5.633971116319298744e+02
5.633971116319298744e+02
5.633971116319298744e+02
5.633971116319298744e+02
5.637730619385838509e+02
5.630471614301204681e+02
5.630471614301204681e+02
5.623171214386820793e+02
5.623171214386820793e+02
5.650093853250145912e+02
5.636497716009616852e+02
5.647916773259639740e+02
5.647916773259639740e+02
5.647916773259639740e+02
5.647916773259639740e+02
5.647916773259639740e+02
5.627626445218920708e+02
5.624309844002127647e+02
5.624309844002127647e+02
5.624309844002127647e+02
5.631202227771282196e+02
5.639419991672039032e+02
5.639419991672039032e+02
5.648131890743970871e+02
5.648131890743970871e+02
5.648131890743970871e+02
5.648131890743970871e+02
5.648131890743970871e+02
5.648131890743970871e+02
5.648131890743970871e+02
5.648131890743970871e+02
5.659399678930640221e+02
5.659399678930640221e+02
5.665037229210138321e+02
5.665037229210138321e+02
5.629128156155347824e+02
5.629128156155347824e+02
5.637114443704485893e+02
5.660538352951407433e+02
5.649776352718472481e+02
5.644046083986759186e+02
5.644046083986759186e+02
5.644046083986759186e+02
5.644046083986759186e+02
5.644046083986759186e+02
5.644046083986759186e+02
5.630171688869595528e+02
5.632501635923981667e+02
5.632501635923981667e+02
5.632501635923981667e+02
5.632501635923981667e+02
5.624408289045095444e+02
5.624408289045095444e+02
5.624408289045095444e+02
5.624408289045095444e+02
5.624408289045095444e+02
5.624408289045095444e+02
5.644741253852844238e+02
5.635585840716958046e+02
5.635585840716958046e+02
5.635585840716958046e+02
5.635585840716958046e+02
5.635585840716958046e+02
5.635585840716958046e+02
5.635585840716958046e+02
5.635585840716958046e+02
5.635585840716958046e+02
5.635585840716958046e+02
5.635585840716958046e+02
5.633975767716765404e+02
5.631658953726291656e+02
5.631658953726291656e+02
5.645112291499972343e+02
5.624960872232913971e+02
5.631922842413187027e+02
5.631922842413187027e+02
5.668125826120376587e+02
5.668125826120376587e+02
5.668125826120376587e+02
5.668125826120376587e+02
5.623410939201712608e+02
5.627818127200007439e+02
5.630041216164827347e+02
5.629129506796598434e+02
5.665791408121585846e+02
5.670874909684062004e+02
5.671680523529648781e+02
5.671680523529648781e+02
5.639016084149479866e+02
5.639009850174188614e+02
5.652895830571651459e+02
5.652895830571651459e+02
5.656783679127693176e+02
5.656783679127693176e+02
5.656783679127693176e+02
5.656783679127693176e+02
5.633822908028960228e+02
5.629565931931138039e+02
5.629565931931138039e+02
5.629565931931138039e+02
5.629565931931138039e+02
5.623943050280213356e+02
5.673974016234278679e+02
5.673974016234278679e+02
5.706743797212839127e+02
5.706743797212839127e+02
5.693948207348585129e+02
5.666514526009559631e+02
5.707612441405653954e+02
5.639420702382922173e+02
5.636764971688389778e+02
5.632842949107289314e+02
5.623316260501742363e+02
5.623316260501742363e+02
5.643467693477869034e+02
5.633217985928058624e+02
5.628852823823690414e+02
5.628852823823690414e+02
5.623572787940502167e+02
5.636884087547659874e+02
5.636884087547659874e+02
5.636884087547659874e+02
5.637298942878842354e+02
5.627434710115194321e+02
5.627434710115194321e+02
5.640111828073859215e+02
5.640111828073859215e+02
5.640111828073859215e+02
5.643225877434015274e+02
5.643225877434015274e+02
5.643225877434015274e+02
5.670027277916669846e+02
5.670027277916669846e+02
5.670027277916669846e+02
5.670027277916669846e+02
5.651968285590410233e+02
5.651968285590410233e+02
5.650237454324960709e+02
5.654481420591473579e+02
5.654481420591473579e+02
5.660019143074750900e+02
5.660019143074750900e+02
5.660019143074750900e+02
5.646539327427744865e+02
5.646539327427744865e+02
5.646539327427744865e+02
5.633129633069038391e+02
5.633045224323868752e+02
5.633045224323868752e+02
5.628324790000915527e+02
5.628324790000915527e+02
5.628324790000915527e+02
5.628324790000915527e+02
5.639108354747295380e+02
5.647344156801700592e+02
5.639479688778519630e+02
5.648206364586949348e+02
5.648206364586949348e+02
5.648206364586949348e+02
5.644074829518795013e+02
5.637259276360273361e+02
5.650292640328407288e+02
5.650292640328407288e+02
5.641884381175041199e+02
5.641884381175041199e+02
5.631179290264844894e+02
5.631179290264844894e+02
5.631179290264844894e+02
5.631179290264844894e+02
5.631179290264844894e+02
5.631179290264844894e+02
5.631179290264844894e+02
5.631179290264844894e+02
5.631179290264844894e+02
5.631179290264844894e+02
5.631179290264844894e+02
5.648832292184233665e+02
5.648832292184233665e+02
5.630305728167295456e+02
5.630305728167295456e+02
5.630305728167295456e+02
5.630305728167295456e+02
5.631481010541319847e+02
5.631481010541319847e+02
5.631481010541319847e+02
5.631481010541319847e+02
5.644924584180116653e+02
5.644924584180116653e+02
5.671680183112621307e+02
5.671680183112621307e+02
5.664947213605046272e+02
5.664947213605046272e+02
5.645860168114304543e+02
5.645860168114304543e+02
5.630312370955944061e+02
5.630312370955944061e+02
5.643625712618231773e+02
5.643625712618231773e+02
5.641144978925585747e+02
5.626190545111894608e+02
5.668625671938061714e+02
5.678995070382952690e+02
5.649001911059021950e+02
5.661299353837966919e+02
5.659609770625829697e+02
5.659609770625829697e+02
5.659609770625829697e+02
5.637122490406036377e+02
5.637122490406036377e+02
5.637122490406036377e+02
5.637122490406036377e+02
5.646761400252580643e+02
5.646761400252580643e+02
5.646761400252580643e+02
5.652464299947023392e+02
5.658732981085777283e+02
5.645277680680155754e+02
5.645277680680155754e+02
5.645277680680155754e+02
5.645277680680155754e+02
5.645277680680155754e+02
5.645277680680155754e+02
5.646170142814517021e+02
5.656527440845966339e+02
5.642370078042149544e+02
5.626235918924212456e+02
5.626235918924212456e+02
5.626235918924212456e+02
5.624922288954257965e+02
5.624922288954257965e+02
5.631124463528394699e+02
5.624431351870298386e+02
5.624431351870298386e+02
5.624431351870298386e+02
5.625451035052537918e+02
5.625451035052537918e+02
5.625451035052537918e+02
5.626762558445334435e+02
5.626762558445334435e+02
5.626762558445334435e+02
5.626762558445334435e+02
5.626023368835449219e+02
5.626023368835449219e+02
5.626023368835449219e+02
5.626023368835449219e+02
5.637685616537928581e+02
5.637685616537928581e+02
5.632536942213773727e+02
5.626091365143656731e+02
5.646264232620596886e+02
5.625708262324333191e+02
5.625708262324333191e+02
5.625708262324333191e+02
5.625708262324333191e+02
5.625708262324333191e+02
5.625708262324333191e+02
5.625139838829636574e+02
5.625139838829636574e+02
5.625139838829636574e+02
5.625139838829636574e+02
5.625139838829636574e+02
5.625139838829636574e+02
5.626562691405415535e+02
5.626562691405415535e+02
5.644821659475564957e+02
5.624902673363685608e+02
5.624902673363685608e+02
5.628182553276419640e+02
5.626362537592649460e+02
5.645165258496999741e+02
5.647685952857136726e+02
5.679905239343643188e+02
5.679905239343643188e+02
5.679905239343643188e+02
5.628909942880272865e+02
5.628909942880272865e+02
5.628909942880272865e+02
5.625341400951147079e+02
5.626565408036112785e+02
5.622748229801654816e+02
5.645221483111381531e+02
5.645221483111381531e+02
5.642880188748240471e+02
5.642880188748240471e+02
5.633695257380604744e+02
5.637808008342981339e+02
5.637808008342981339e+02
5.629448084533214569e+02
5.642774954140186310e+02
5.642774954140186310e+02
5.635262514203786850e+02
5.632216903418302536e+02
5.628979927226901054e+02
5.651956691518425941e+02
5.651956691518425941e+02
5.628656094595789909e+02
5.633362969309091568e+02
5.633362969309091568e+02
5.638011550828814507e+02
5.638011550828814507e+02
5.624098025411367416e+02
5.639291096255183220e+02
5.623373376280069351e+02
5.632956359237432480e+02
5.646767429038882256e+02
5.640549214035272598e+02
5.640549214035272598e+02
5.640549214035272598e+02
5.622898513153195381e+02
5.622898513153195381e+02
5.622898513153195381e+02
5.622898513153195381e+02
5.632162320688366890e+02
5.632162320688366890e+02
5.632162320688366890e+02
5.649215904176235199e+02
5.649215904176235199e+02
5.649215904176235199e+02
5.649215904176235199e+02
5.649215904176235199e+02
5.649215904176235199e+02
5.660198478624224663e+02
5.660198478624224663e+02
5.660198478624224663e+02
5.660198478624224663e+02
5.660639947056770325e+02
5.642374102771282196e+02
5.628418386951088905e+02
5.623887644186615944e+02
5.623887644186615944e+02
5.623887644186615944e+02
5.623887644186615944e+02
5.643947734832763672e+02
5.643947734832763672e+02
5.626048711687326431e+02
5.626048711687326431e+02
5.625097565129399300e+02
5.625097565129399300e+02
5.625097565129399300e+02
5.625097565129399300e+02
5.625097565129399300e+02
5.627059017270803452e+02
5.627059017270803452e+02
5.626350676491856575e+02
5.623158919364213943e+02
5.623158919364213943e+02
5.623158919364213943e+02
5.623158919364213943e+02
5.623158919364213943e+02
5.623158919364213943e+02
5.623158919364213943e+02
5.623158919364213943e+02
5.623158919364213943e+02
5.623158919364213943e+02
5.623158919364213943e+02
5.623158919364213943e+02
5.623158919364213943e+02
5.623158919364213943e+02
5.624076073169708252e+02
5.624076073169708252e+02
5.624076073169708252e+02
5.624076073169708252e+02
5.624076073169708252e+02
5.624076073169708252e+02
5.624076073169708252e+02
5.623343088254332542e+02
5.646614958420395851e+02
5.628619991391897202e+02
5.628619991391897202e+02
5.626874208375811577e+02
5.626874208375811577e+02
5.622983894720673561e+02
5.622983894720673561e+02
5.622983894720673561e+02
5.622983894720673561e+02
5.622983894720673561e+02
5.622983894720673561e+02
5.622983894720673561e+02
5.622983894720673561e+02
5.637778835445642471e+02
5.637778835445642471e+02
5.637778835445642471e+02
5.646438337415456772e+02
5.646438337415456772e+02
5.646438337415456772e+02
5.670562511309981346e+02
5.681918685659766197e+02
5.646061555221676826e+02
5.721896728873252869e+02
5.642985353842377663e+02
5.642985353842377663e+02
5.642985353842377663e+02
5.623377195224165916e+02
5.629668548479676247e+02
5.629668548479676247e+02
5.627643500864505768e+02
5.625824033170938492e+02
5.625824033170938492e+02
5.625824033170938492e+02
5.625824033170938492e+02
5.625796871930360794e+02
5.625796871930360794e+02
5.635650770440697670e+02
5.635650770440697670e+02
5.629584912657737732e+02
5.622963309586048126e+02
5.622963309586048126e+02
5.628093269392848015e+02
5.656753843799233437e+02
5.656753843799233437e+02
5.642347312122583389e+02
5.642347312122583389e+02
5.639751108661293983e+02
5.639751108661293983e+02
5.640328729376196861e+02
5.651054843738675117e+02
5.667731028795242310e+02
5.683573734238743782e+02
5.683573734238743782e+02
5.687010696679353714e+02
5.671192447990179062e+02
5.634428277686238289e+02
5.629465992674231529e+02
5.629465992674231529e+02
5.629465992674231529e+02
5.636727757528424263e+02
5.641539456769824028e+02
5.641539456769824028e+02
5.636875486075878143e+02
5.637655443996191025e+02
5.654289667159318924e+02
5.654289667159318924e+02
5.630209254473447800e+02
5.635701293051242828e+02
5.635701293051242828e+02
5.635701293051242828e+02
5.635701293051242828e+02
5.635701293051242828e+02
5.635701293051242828e+02
5.635701293051242828e+02
5.635701293051242828e+02
5.632118784412741661e+02
5.627066314294934273e+02
5.641970771700143814e+02
5.624854483529925346e+02
5.624854483529925346e+02
5.624854483529925346e+02
5.624854483529925346e+02
5.624854483529925346e+02
5.624854483529925346e+02
