8.595606060609417565e-01 -1.170861009286251475e+00 -3.078341429570046195e-01 0.000000000000000000e+00
8.936309125846387813e-01 -1.083296141038521343e+00 -2.202692747092744319e-01 9.258807206600904465e+02
8.815405755242540220e-01 -1.094615310675621789e+00 -2.315884443463748776e-01 9.232030577436089516e+02
8.889289790949244097e-01 -9.567891658275677891e-01 -9.376229949832093347e-02 9.085836982056498528e+02
9.079886748927821216e-01 -9.332926463298820696e-01 -7.026578000063526952e-02 9.123604252785444260e+02
9.030002439150568438e-01 -9.400026104581074016e-01 -7.697574412886054596e-02 9.114256133809685707e+02
8.654166116858218460e-01 -6.869633623948716572e-01 1.760635039343752539e-01 8.662384754046797752e+02
7.725135954894303270e-01 -6.880283770353170514e-01 1.749984892939298597e-01 8.339444578289985657e+02
7.345025047395483675e-01 -6.589188805358328072e-01 2.041079857934141040e-01 8.174397789835929871e+02
6.825002935249728786e-01 -6.128673537236246638e-01 2.501595126056221918e-01 7.944919215366244316e+02
6.293130694565214345e-01 -6.786936993637677773e-01 1.843331669654790228e-01 7.877316513061523438e+02
6.326766513419703752e-01 -5.613869866319796120e-01 3.016398796972671881e-01 7.720360125005245209e+02
6.206231907634132128e-01 -5.454608896538357676e-01 3.175659766754110325e-01 7.661971106305718422e+02
6.753480099109757662e-01 -3.484846162371654787e-01 5.145422500920813214e-01 7.551268382221460342e+02
6.561433982955588995e-01 -4.001023652488504556e-01 4.629245010803963445e-01 7.562910990491509438e+02
6.679878354013824016e-01 -3.505072740912352214e-01 5.125195922380115787e-01 7.530451169684529305e+02
6.497281649043347151e-01 -2.294381600368962104e-01 6.335887062923506452e-01 7.301954022943973541e+02
7.142978724725375095e-01 5.395630536768275531e-02 9.169831716969296664e-01 7.138158080205321312e+02
7.126113662442481456e-01 6.238542069834790427e-02 9.254122870275948154e-01 7.121073072999715805e+02
6.730082322290784624e-01 4.852298340832778001e-02 9.115498497375746911e-01 6.997981254383921623e+02
6.973773268958995963e-01 1.808900224744971474e-01 1.043916888803744003e+00 6.914644189924001694e+02
7.165096836211741760e-01 2.634795339858338470e-01 1.126506400315080647e+00 6.887752513587474823e+02
7.413532911769971090e-01 3.946844122230304119e-01 1.257711278552277268e+00 6.846643335595726967e+02
7.725663049212052602e-01 5.264722661141123528e-01 1.389499132443359208e+00 6.875642953664064407e+02
7.676157001202696950e-01 5.768710476931193654e-01 1.439897914022366221e+00 6.819110011830925941e+02
7.714329708596955326e-01 7.303453603523162307e-01 1.593372226681563086e+00 6.796892240121960640e+02
7.487180651413924970e-01 5.583686612515558201e-01 1.421395527580802787e+00 6.739328751787543297e+02
7.619161491303819700e-01 6.205976668532964258e-01 1.483624533182543503e+00 6.767549419626593590e+02
7.564894403988101645e-01 6.525608807999844219e-01 1.515587747129231388e+00 6.726401389390230179e+02
7.479035725874128016e-01 6.789853049727685441e-01 1.542012171302015400e+00 6.673277342170476913e+02
7.141977510302561782e-01 5.521969092905689713e-01 1.415223775619815827e+00 6.587615510448813438e+02
6.867086331323059012e-01 5.938724239080706013e-01 1.456899290237317457e+00 6.438652189075946808e+02
6.867963597103425855e-01 6.484642518636396513e-01 1.511491118192886507e+00 6.401187006011605263e+02
6.972494582034777233e-01 7.472287282049325796e-01 1.610255594534179435e+00 6.404018713161349297e+02
6.653707235101310458e-01 6.550819155501732549e-01 1.518108781879420111e+00 6.308160950019955635e+02
6.195165713806247698e-01 8.395458715598127508e-01 1.702572737889059606e+00 6.053662147447466850e+02
6.079741914748981735e-01 8.955269209641650852e-01 1.758553787293411830e+00 6.013122419714927673e+02
5.995575200989837761e-01 7.004874575330388708e-01 1.563514323862285504e+00 6.037788208499550819e+02
6.061305815580928513e-01 8.193804373809496777e-01 1.682407303710196311e+00 6.007403253614902496e+02
5.486346363797562908e-01 6.780119770263232093e-01 1.541038843355569732e+00 5.902537182793021202e+02
5.169965212576692615e-01 9.898767681152587095e-01 1.852903634444505343e+00 5.776716716885566711e+02
5.081246493495336081e-01 9.669972611065595913e-01 1.830024127435806225e+00 5.746897025108337402e+02
5.108521520091615642e-01 9.320806408606681082e-01 1.795107507189914742e+00 5.739833035767078400e+02
4.826914765721187495e-01 8.993061984543555543e-01 1.762333064783602188e+00 5.688412346318364143e+02
4.206119562025701919e-01 8.207499131077906629e-01 1.683776779437037296e+00 5.630435977876186371e+02
3.862306559870556377e-01 8.245848470530807717e-01 1.687611713382327405e+00 5.625240980237722397e+02
3.946243318802850619e-01 8.647659643739149526e-01 1.727792830703161586e+00 5.632206059545278549e+02
3.977505447562850183e-01 8.086727863521101511e-01 1.671699652681356785e+00 5.623676641061902046e+02
3.549692192777015309e-01 6.007677348456700317e-01 1.463794601174916554e+00 5.664940066710114479e+02
3.666894728816856297e-01 5.811544022047623326e-01 1.444181268534008744e+00 5.680497313365340233e+02
3.739959148977293202e-01 7.928636851696826415e-01 1.655890551498929053e+00 5.624148337543010712e+02
3.735996848051867936e-01 8.371245455985852901e-01 1.700151411927831813e+00 5.631922691911458969e+02
3.616717971692872680e-01 8.100452875423032051e-01 1.673072153871549617e+00 5.631403895318508148e+02
3.840274058526322309e-01 7.652589634807895891e-01 1.628285829810036001e+00 5.623606490790843964e+02
3.646880470663024232e-01 8.530979226696038253e-01 1.716124788998850237e+00 5.642830958813428879e+02
3.958584537296684913e-01 9.008081732846960898e-01 1.763835039613942612e+00 5.645184430852532387e+02
3.382443835263752030e-01 6.709989311901209952e-01 1.534025797519367629e+00 5.639752853140234947e+02
3.647958999544347325e-01 7.261120718688989228e-01 1.589138938198145556e+00 5.627457787692546844e+02
3.611799321464344015e-01 6.364004519234296442e-01 1.499427318252676278e+00 5.651352580934762955e+02
3.574242702751282974e-01 7.742432971885564452e-01 1.637270163517803079e+00 5.627959904372692108e+02
3.790319241895523938e-01 8.193333894882030011e-01 1.682360255817449524e+00 5.626025168299674988e+02
3.771059703826655785e-01 7.235289777823303847e-01 1.586555844111576796e+00 5.628622920438647270e+02
3.949543850715972471e-01 9.086403216937626315e-01 1.771667188023009043e+00 5.649362300112843513e+02
4.076251601944921310e-01 7.353058149280338185e-01 1.598332681257280230e+00 5.637299746125936508e+02
3.615377113082501870e-01 5.660376949718420869e-01 1.429064561301088609e+00 5.686267821043729782e+02
3.695128826118024290e-01 6.394416415878498849e-01 1.502468507917096296e+00 5.652968684807419777e+02
4.442582862883311945e-01 8.167415831787088187e-01 1.679768449507955230e+00 5.647065885514020920e+02
4.534632862459289093e-01 8.364944126455924334e-01 1.699521278974838845e+00 5.653666216880083084e+02
4.422760714185075548e-01 7.887980234378396682e-01 1.651824889767086191e+00 5.650210595652461052e+02
3.968827497307312324e-01 6.725787700777294820e-01 1.535605636406976116e+00 5.653146384134888649e+02
4.498875731904327102e-01 8.303899336636046957e-01 1.693416799992851329e+00 5.650729150697588921e+02
4.476308209150179906e-01 8.618948404153535803e-01 1.724921706744600325e+00 5.647781009525060654e+02
4.314327976864729686e-01 8.117957193037050878e-01 1.674822585632951721e+00 5.637401641309261322e+02
4.198089563169499216e-01 8.080465161466590107e-01 1.671073382475905644e+00 5.630709788724780083e+02
4.223333402093611966e-01 8.345115745730460333e-01 1.697538440902292667e+00 5.631157016158103943e+02
4.375106651126733359e-01 8.988718292461748138e-01 1.761898695575421447e+00 5.646368445530533791e+02
4.507372608753399401e-01 9.190923433427280465e-01 1.782119209671974680e+00 5.659421157985925674e+02
4.211065345041049568e-01 8.780660683383796350e-01 1.741092934667626269e+00 5.635738685205578804e+02
4.230515811230974865e-01 8.385525056033158453e-01 1.701579371932562479e+00 5.631583113223314285e+02
3.661510020477416472e-01 7.278500995110190885e-01 1.590876965840265722e+00 5.627175370231270790e+02
3.569497110947725815e-01 7.614555631267505564e-01 1.624482429455997190e+00 5.627315979078412056e+02
3.707811737450620315e-01 6.843364314421076511e-01 1.547363297771354285e+00 5.637110822573304176e+02
3.989308726315490827e-01 6.950014990494804978e-01 1.558028365378727020e+00 5.645387678369879723e+02
4.107415899290053907e-01 7.416088718147471059e-01 1.604635738143993517e+00 5.637424377426505089e+02
4.112713971523761503e-01 7.893056673309906124e-01 1.652332533660237024e+00 5.628406758680939674e+02
3.685290000647190034e-01 8.173574545605535313e-01 1.680384320889799943e+00 5.629518111571669579e+02
3.528801263925009923e-01 8.202466628253661796e-01 1.683273529154612591e+00 5.639994388148188591e+02
3.268076671856516846e-01 7.708147885256342313e-01 1.633841654854880643e+00 5.648395706489682198e+02
3.373628179744156408e-01 7.834871429399383747e-01 1.646514009269184786e+00 5.642129801884293556e+02
3.233561544279780486e-01 6.985367042944000682e-01 1.561563570623646591e+00 5.642512214407324791e+02
3.089547314797944644e-01 6.938303134603562849e-01 1.556857179789602696e+00 5.652281817644834518e+02
3.490340946785308596e-01 7.448234009794153510e-01 1.607850267308661873e+00 5.629846477508544922e+02
3.502456693105401309e-01 8.229691471327760244e-01 1.685996013462022436e+00 5.643060715645551682e+02
3.640078604087028102e-01 8.059007215841816896e-01 1.668927587913428212e+00 5.629360241740942001e+02
3.980030873068579611e-01 8.683408576069531204e-01 1.731367723936199754e+00 5.632557313442230225e+02
3.870223880069699751e-01 8.593295668135505494e-01 1.722356433142797183e+00 5.632756747156381607e+02
3.918963681229823415e-01 9.134055131584275511e-01 1.776432379487674185e+00 5.653457120582461357e+02
3.727181213742346566e-01 7.600999105818786461e-01 1.623126776911125280e+00 5.623893742561340332e+02
3.721647841063912554e-01 7.252785117433131479e-01 1.588305378072559781e+00 5.627704961821436882e+02
3.833878432976443595e-01 8.408137646659086251e-01 1.703840630995155259e+00 5.628995263054966927e+02
4.093838979278190404e-01 8.065836970308877252e-01 1.669610563360134359e+00 5.626368077322840691e+02
4.242232439404742261e-01 8.472695649370627358e-01 1.710296431266309369e+00 5.632520171329379082e+02
4.045875972277579447e-01 8.282961275828866210e-01 1.691322993912133255e+00 5.625521724075078964e+02
4.100219392827441078e-01 6.837291949460987395e-01 1.546756061275345262e+00 5.657867238670587540e+02
4.286016270745638401e-01 8.894232301014648456e-01 1.752450096430711257e+00 5.640462872684001923e+02
4.530077448993372613e-01 9.859692431667559376e-01 1.848996109496002349e+00 5.692807737067341805e+02
4.389423343114243758e-01 1.021142194361643885e+00 1.884169060690890296e+00 5.718535770326852798e+02
3.981612874656745849e-01 9.812917061883730252e-01 1.844318572517619437e+00 5.698979702219367027e+02
3.925783348098820236e-01 9.429911352879165598e-01 1.806018001617162971e+00 5.671827638149261475e+02
3.634296278442359363e-01 8.544159058645162119e-01 1.717442772193762623e+00 5.644350778684020042e+02
3.914679105435550643e-01 8.512522422138948386e-01 1.714279108543141250e+00 5.629356496259570122e+02
4.130532949584955205e-01 8.969064945011826495e-01 1.759933360830429061e+00 5.640088527426123619e+02
3.982100951802998168e-01 8.114311120368642438e-01 1.674457978366110655e+00 5.623804545253515244e+02
3.988182917195328692e-01 8.907463568448978908e-01 1.753773223174144302e+00 5.639908617138862610e+02
4.173357288695885847e-01 8.530634535160722676e-01 1.716090319845318568e+00 5.630598894730210304e+02
4.085784163419547976e-01 8.515091477613754289e-01 1.714536014090621618e+00 5.628645047172904015e+02
3.904939830791813726e-01 8.019090038692138211e-01 1.664935870198460011e+00 5.622972307056188583e+02
4.219810162915355045e-01 8.309095952838183585e-01 1.693936461613064548e+00 5.630952824801206589e+02
4.023347149301170766e-01 8.307714298201966940e-01 1.693798296149442884e+00 5.625435651391744614e+02
3.932007878578029914e-01 8.635181998744158038e-01 1.726545066203661882e+00 5.632179349213838577e+02
3.595492571494315337e-01 7.660354360858898648e-01 1.629062302415135832e+00 5.626608025580644608e+02
3.549767032570160241e-01 8.336045495019996920e-01 1.696631415831245659e+00 5.642941468134522438e+02
3.201108708371218636e-01 7.250788729810816458e-01 1.588105739310327724e+00 5.645885217040777206e+02
3.036509653242349671e-01 7.766601164229379739e-01 1.639686982752184052e+00 5.678256334513425827e+02
2.884328808569918134e-01 7.880391613293743491e-01 1.651066027658620428e+00 5.709477067887783051e+02
3.422355768542841847e-01 8.833658498597526387e-01 1.746392716188998717e+00 5.684696189835667610e+02
3.568385552735656718e-01 8.935158896829993314e-01 1.756542756012245299e+00 5.672355895265936852e+02
3.783599748874939550e-01 9.157132640199925344e-01 1.778740130349238502e+00 5.664608029350638390e+02
3.851400188333404806e-01 7.513772992292474528e-01 1.614404165558493531e+00 5.625273476615548134e+02
3.504683490194373530e-01 7.803158836034906898e-01 1.643342749932736879e+00 5.632175196632742882e+02
3.634078096192443486e-01 7.059188826357587487e-01 1.568945748965004938e+00 5.630790514498949051e+02
3.989703443088242762e-01 8.489841778176834275e-01 1.712011044146929617e+00 5.627892616242170334e+02
3.539075233327791392e-01 7.766076182902912350e-01 1.639634484619537425e+00 5.629816231280565262e+02
3.340295278395696288e-01 8.067225635172032838e-01 1.669749429846449473e+00 5.652630713209509850e+02
3.470257733850266035e-01 8.361223276494316181e-01 1.699149193978677808e+00 5.651242831945419312e+02
3.215001986019309643e-01 7.665541350127020870e-01 1.629581001341948276e+00 5.652522240206599236e+02
3.518403936370541052e-01 7.680045361441917295e-01 1.631031402473437808e+00 5.629905456081032753e+02
3.483290931251378231e-01 7.552257388698528917e-01 1.618252605199099081e+00 5.630574371591210365e+02
3.761069166491348703e-01 7.244291402362000865e-01 1.587456006565446387e+00 5.628294312283396721e+02
4.348759005677287348e-01 8.179389781671828619e-01 1.680965844496429273e+00 5.639254713952541351e+02
4.311681811336043335e-01 8.937872675758965491e-01 1.756814133905142850e+00 5.642426017373800278e+02
3.831206789434214999e-01 8.098709920500626325e-01 1.672897858379308822e+00 5.623931486532092094e+02
3.821237459951185578e-01 7.665746071447843146e-01 1.629601473474030504e+00 5.623378339335322380e+02
3.525435312217208295e-01 8.259138671878846205e-01 1.688940733517130699e+00 5.642169411256909370e+02
4.496225982732756643e-01 8.081672420519042666e-01 1.671194108381150345e+00 5.653542292863130569e+02
4.063262837401223626e-01 6.733697798314646210e-01 1.536396646160710588e+00 5.659620287120342255e+02
3.853734875103435042e-01 7.350293345851449667e-01 1.598056200914391045e+00 5.628044325783848763e+02
3.510134552808321651e-01 7.966460683955249866e-01 1.659672934724771176e+00 5.634925763309001923e+02
3.640260740244877224e-01 6.467513319480283629e-01 1.509778198277274663e+00 5.648133454844355583e+02
3.691183218701348245e-01 7.349774580442423044e-01 1.598004324373488716e+00 5.626195457801222801e+02
3.913177519985547859e-01 7.555576154211924855e-01 1.618584481750438897e+00 5.625971878021955490e+02
4.135311278332696183e-01 8.063651914737255400e-01 1.669392057802971951e+00 5.627927156612277031e+02
4.420085720536226503e-01 8.495781889474769422e-01 1.712605055276723354e+00 5.643121373727917671e+02
4.163632802513159703e-01 7.787868219018279081e-01 1.641813688231074320e+00 5.632460596337914467e+02
4.259891657393944930e-01 7.263981544271900237e-01 1.589425020756436435e+00 5.653954754918813705e+02
4.356669248454737575e-01 9.322899579697445649e-01 1.795316824298990976e+00 5.656785273551940918e+02
4.205313042997042006e-01 8.929338573427805237e-01 1.755960723672026935e+00 5.639373224377632141e+02
4.031418781826452413e-01 8.171207152449457833e-01 1.680147581574192195e+00 5.624712193608283997e+02
4.038907118230458115e-01 7.669849412508258357e-01 1.630011807580072247e+00 5.628336767032742500e+02
4.065767786528596828e-01 7.388802596432179071e-01 1.601907125972464208e+00 5.635709717720746994e+02
3.950598098907925904e-01 7.373041000146667301e-01 1.600330966343912920e+00 5.630626919716596603e+02
4.320383933669907917e-01 8.066178181640504263e-01 1.669644684493296616e+00 5.638434847518801689e+02
4.025522999755689613e-01 8.245035870536758793e-01 1.687530453382922069e+00 5.624972030073404312e+02
3.975089309413405436e-01 7.928827059113796594e-01 1.655909572240625849e+00 5.623779263794422150e+02
4.192934099051885966e-01 7.847035057950217940e-01 1.647730372124267983e+00 5.633185572475194931e+02
3.778468474796826682e-01 7.673037478996559413e-01 1.630330614228902242e+00 5.623290481641888618e+02
3.480867702342934633e-01 6.406084322177998391e-01 1.503635298547046251e+00 5.647299221828579903e+02
3.229119866644774017e-01 7.171896579568975971e-01 1.580216524286143898e+00 5.643165516927838326e+02
3.244540713401081744e-01 6.967878448674162950e-01 1.559814711196662707e+00 5.641934907063841820e+02
3.466409853217333192e-01 6.744967808507855711e-01 1.537523647180031983e+00 5.637850517854094505e+02
3.544578103854974516e-01 6.953231151012913003e-01 1.558349981430537712e+00 5.632988634034991264e+02
4.136443023639727601e-01 7.187046885524468465e-01 1.581731554881693258e+00 5.646632552072405815e+02
4.123374346712987415e-01 8.162559329056238155e-01 1.679282799234870227e+00 5.627128836885094643e+02
4.008030108250193457e-01 8.788146875008708836e-01 1.741841553830117295e+00 5.635231500640511513e+02
4.085809325359059940e-01 8.785146530260334874e-01 1.741541519355279899e+00 5.634424894750118256e+02
4.585261606953699998e-01 9.614364954908631855e-01 1.824463361820109597e+00 5.681594196707010269e+02
4.174311831901634240e-01 9.025866186185047546e-01 1.765613484947751166e+00 5.642147956043481827e+02
4.209568128282978883e-01 9.707441644224936717e-01 1.833771030751740083e+00 5.678049967065453529e+02
4.007348945244196270e-01 8.973897667381018906e-01 1.760416633067348302e+00 5.642048738151788712e+02
3.522109872129509656e-01 6.791435977963965476e-01 1.542170464125643070e+00 5.636500101685523987e+02
3.469453544888387864e-01 7.793155384597809654e-01 1.642342404789027377e+00 5.634158199578523636e+02
3.650044527287018559e-01 6.727670766151758741e-01 1.535793942944422286e+00 5.639370944947004318e+02
3.737545248921374519e-01 6.544040338674306234e-01 1.517430900196677035e+00 5.648499819040298462e+02
3.985596612068416644e-01 7.146166947842420569e-01 1.577643561113488468e+00 5.638405663743615150e+02
3.598509795336850559e-01 6.993029995710038360e-01 1.562329865900250248e+00 5.632050011157989502e+02
3.385113484537353168e-01 7.695788909332659244e-01 1.632605757262512336e+00 5.638227497413754463e+02
4.038157491576993552e-01 8.801203616226089821e-01 1.743147227951855394e+00 5.635206179171800613e+02
3.529603625054121285e-01 7.104012771877399324e-01 1.573428143516986344e+00 5.630736871585249901e+02
3.932566567106005051e-01 7.453405283155647432e-01 1.608367394644811155e+00 5.628287598788738251e+02
3.784078739777347877e-01 6.953785906753314761e-01 1.558405457004577777e+00 5.635889344662427902e+02
3.857617214641431147e-01 7.616869262685821429e-01 1.624713792597828554e+00 5.624127426669001579e+02
3.925182383103708039e-01 7.322797745486124832e-01 1.595306640877858895e+00 5.630827128961682320e+02
3.930992059295257413e-01 7.885282009269276582e-01 1.651555067256174070e+00 5.623228091001510620e+02
4.629978338115927627e-01 8.978847989624898496e-01 1.760911665291736261e+00 5.664936803877353668e+02
4.305429623785119730e-01 8.857549393195620624e-01 1.748781805648808474e+00 5.640353945195674896e+02
4.394793294148904850e-01 9.592684551722814312e-01 1.822295321501527843e+00 5.671177404224872589e+02
4.364554794842147034e-01 9.099686747438096024e-01 1.772995541073056014e+00 5.648942545428872108e+02
4.378277465571414062e-01 9.087378642332579748e-01 1.771764730562504386e+00 5.649163536205887794e+02
4.253866563370755638e-01 9.816093417297101498e-01 1.844636208058956672e+00 5.685287407338619232e+02
4.217223498358071421e-01 8.334479796449725253e-01 1.696474845974218937e+00 5.630864893719553947e+02
3.899002996224423812e-01 7.213135898550996350e-01 1.584340456184345935e+00 5.632566442191600800e+02
3.588621223314826247e-01 7.162986461085565359e-01 1.579325512437802725e+00 5.629199394881725311e+02
3.773300609404839356e-01 6.479557600354888258e-01 1.510982626364735015e+00 5.652729107588529587e+02
3.750643357181505655e-01 7.123276057177490017e-01 1.575354472046995191e+00 5.630651424378156662e+02
4.126109918440833413e-01 7.497716726756857852e-01 1.612798539004931975e+00 5.636415997520089149e+02
4.164695520209031887e-01 7.553131589790791356e-01 1.618340025308325325e+00 5.637470180243253708e+02
4.060249377443992946e-01 8.403823641600173255e-01 1.703409230489263404e+00 5.626845733895897865e+02
3.981981566048107823e-01 6.950033762478202704e-01 1.558030242577066460e+00 5.644945164024829865e+02
4.203474394267576741e-01 8.795527011752111157e-01 1.742579567504457305e+00 5.635893227458000183e+02
4.068137981936451597e-01 8.714820832656515748e-01 1.734508949594897764e+00 5.632583632692694664e+02
4.119300184872454751e-01 8.210101882231548576e-01 1.684037054552401047e+00 5.626980389356613159e+02
4.295642115413533801e-01 8.229226142549450618e-01 1.685949480584191251e+00 5.635266512036323547e+02
4.196618073453586839e-01 9.791883238690903823e-01 1.842215190198336572e+00 5.684760340526700020e+02
4.581001687617807239e-01 9.686520095908479622e-01 1.831678875920094152e+00 5.685114680603146553e+02
4.297572658562628378e-01 6.677850518180622474e-01 1.530811918147308326e+00 5.684871478155255318e+02
4.334058500921766921e-01 6.610074983887981315e-01 1.524034364718044321e+00 5.692886549904942513e+02
4.495530501034233906e-01 7.849819757517833008e-01 1.648008842081029490e+00 5.658564421758055687e+02
4.488021894910241283e-01 8.879527613039090994e-01 1.750979627633155289e+00 5.651134879440069199e+02
4.474004654962975280e-01 7.705813794640390402e-01 1.633608245793285230e+00 5.660260110720992088e+02
4.273553974804560340e-01 7.375931825028575473e-01 1.600620048832103848e+00 5.651154677569866180e+02
4.136464567970348227e-01 8.038658505590507986e-01 1.666892716888297210e+00 5.628129574134945869e+02
4.234317865190297958e-01 8.043409721898153730e-01 1.667367838519061785e+00 5.633036590516567230e+02
4.480620339168642774e-01 9.509753543463632663e-01 1.814002220675609678e+00 5.670167932584881783e+02
4.665602568459656929e-01 9.090763119324183350e-01 1.772103178261664747e+00 5.670479129329323769e+02
4.185336896639764159e-01 7.894070355150086815e-01 1.652433901844255093e+00 5.632040638923645020e+02
4.182158958480817756e-01 8.477065378039755350e-01 1.710733404133221836e+00 5.630297844633460045e+02
3.940726286909810305e-01 8.739225503853249588e-01 1.736949416714571370e+00 5.635167592093348503e+02
4.544073654345436308e-01 8.477650884119927177e-01 1.710791954741239129e+00 5.653887378424406052e+02
4.366094480000262124e-01 8.640086727702555036e-01 1.727035539099501804e+00 5.640147292837500572e+02
3.677306805285990299e-01 7.911802314512939027e-01 1.654207097780540092e+00 5.625728710964322090e+02
3.938185809619791922e-01 7.627023021025690630e-01 1.625729168431815364e+00 5.625595627203583717e+02
4.033700531800095690e-01 8.418271873864285881e-01 1.704854053715674889e+00 5.626772692501544952e+02
3.755063452389851841e-01 7.713836821197522786e-01 1.634410548448998579e+00 5.623296930789947510e+02
4.069083131831593425e-01 7.683647595833329458e-01 1.631391625912579135e+00 5.629408842772245407e+02
4.108709673275653396e-01 8.290634203930841162e-01 1.692090286722330195e+00 5.626883853077888489e+02
3.704993681467556033e-01 7.218355524370514420e-01 1.584862418766297409e+00 5.628177861347794533e+02
3.892406974393640695e-01 7.139355175279590293e-01 1.576962383857205108e+00 5.634307465106248856e+02
4.322352204842802026e-01 8.897691736142765428e-01 1.752796039943522510e+00 5.641901576742529869e+02
4.136238082728624921e-01 8.447216111276605321e-01 1.707748477456906500e+00 5.628716367408633232e+02
3.847613257276900622e-01 7.167471327462153763e-01 1.579773999075461344e+00 5.631979181319475174e+02
3.983363680399530926e-01 8.845801078942405749e-01 1.747606974223486542e+00 5.637719140276312828e+02
3.893371920663561969e-01 9.124338318154272542e-01 1.775460698144673222e+00 5.654417567774653435e+02
3.379263258358760069e-01 8.023428461666062272e-01 1.665369712495852195e+00 5.647129145488142967e+02
3.649707485423203668e-01 7.214139735073459292e-01 1.584440839836591897e+00 5.628116255030035973e+02
3.605271020279943728e-01 7.487379811910713778e-01 1.611764847520317456e+00 5.626198853552341461e+02
3.886136571465498291e-01 7.445869689024769977e-01 1.607613835231723076e+00 5.627076759487390518e+02
3.804459051106978684e-01 8.045660891375239210e-01 1.667592955466770110e+00 5.623852626159787178e+02
3.958017167001894876e-01 8.953651170326313302e-01 1.758391983361877520e+00 5.642780863121151924e+02
4.058229088919111938e-01 8.957050650048612450e-01 1.758731931334107434e+00 5.640278957858681679e+02
4.088039496012003671e-01 7.986543730176378642e-01 1.661681239346884054e+00 5.626582500189542770e+02
4.144212200348401653e-01 8.356818152490232965e-01 1.698708681578269486e+00 5.628228192776441574e+02
4.132242180886864791e-01 8.690566283831006045e-01 1.732083494712346905e+00 5.632386947721242905e+02
3.992580818077860472e-01 8.629535040259532774e-01 1.725980370355199467e+00 5.630934585034847260e+02
4.170238629827394128e-01 8.695139958091746557e-01 1.732540862138420845e+00 5.633095058128237724e+02
3.559083802174870526e-01 7.566299483296573536e-01 1.619656814658903432e+00 5.627522134333848953e+02
3.511570931904506310e-01 6.828750063397346359e-01 1.545901872668980825e+00 5.635704153403639793e+02
3.717198018508480750e-01 6.962273892557642174e-01 1.559254255585010407e+00 5.633971116319298744e+02
4.233912793340762759e-01 8.843981834007699216e-01 1.747425049730016111e+00 5.637730619385838509e+02
4.209305804174313659e-01 8.273150801140489730e-01 1.690341946443295162e+00 5.630471614301204681e+02
3.870951350724690654e-01 8.053188517143075043e-01 1.668345718043553694e+00 5.623171214386820793e+02
4.179789474745579381e-01 9.223012830346501989e-01 1.785328149363896388e+00 5.650093853250145912e+02
3.945408591282130173e-01 8.782144319200737570e-01 1.741241298249319946e+00 5.636497716009616852e+02
3.839410407085973032e-01 6.672324043000412708e-01 1.530259270629287460e+00 5.647916773259639740e+02
3.847230154720091000e-01 7.364087926111455573e-01 1.599435658940391747e+00 5.627626445218920708e+02
3.694607141327576061e-01 7.581087823818624116e-01 1.621135648711108601e+00 5.624309844002127647e+02
3.457571711954998683e-01 7.281893090925135592e-01 1.591216175421759749e+00 5.631202227771282196e+02
3.322742311749552480e-01 6.835158446487307193e-01 1.546542710977977020e+00 5.639419991672039032e+02
3.184589332207168333e-01 6.581132752385383533e-01 1.521140141567784543e+00 5.648131890743970871e+02
3.001550420761203153e-01 6.464482345666925367e-01 1.509475100895938837e+00 5.659399678930640221e+02
3.081793320405991077e-01 5.958995050951392258e-01 1.458926371424385415e+00 5.665037229210138321e+02
3.516371836286645847e-01 7.557415562165030742e-01 1.618768422545749264e+00 5.629128156155347824e+02
3.709715370568119619e-01 6.844752423024040855e-01 1.547502108631650275e+00 5.637114443704485893e+02
3.565790779450797587e-01 6.114733178169470262e-01 1.474500184146193327e+00 5.660538352951407433e+02
3.479269472965421106e-01 6.333624277197065222e-01 1.496389294048952712e+00 5.649776352718472481e+02
3.391505929085836812e-01 7.961578376093714216e-01 1.659184703938617611e+00 5.644046083986759186e+02
3.488833456001487754e-01 7.526077902882584159e-01 1.615634656617504605e+00 5.630171688869595528e+02
3.622721132280788403e-01 8.162364562868797968e-01 1.679263322616125986e+00 5.632501635923981667e+02
3.869590923355759049e-01 8.190902233801813370e-01 1.682117089709427527e+00 5.624408289045095444e+02
3.457032040094302205e-01 8.164366896579944299e-01 1.679463555987240619e+00 5.644741253852844238e+02
3.441281434512214465e-01 7.768987425426356896e-01 1.639925608871881879e+00 5.635585840716958046e+02
3.617741334187368762e-01 6.908686277986479940e-01 1.553895494127894183e+00 5.633975767716765404e+02
3.624833287836507489e-01 8.131747534274722522e-01 1.676201619756718442e+00 5.631658953726291656e+02
4.206681229148769852e-01 9.101505064896245889e-01 1.773177372818870889e+00 5.645112291499972343e+02
3.984334558071065957e-01 7.787005103254772687e-01 1.641727376654723569e+00 5.624960872232913971e+02
3.485807397270598851e-01 7.708822498110430299e-01 1.633909116140289219e+00 5.631922842413187027e+02
3.314351865736210323e-01 8.337308043675678570e-01 1.696757670696813936e+00 5.668125826120376587e+02
3.742112581947075745e-01 7.753066826173778958e-01 1.638333548946623974e+00 5.623410939201712608e+02
4.058744050926830216e-01 8.478568943454748430e-01 1.710883760674720921e+00 5.627818127200007439e+02
4.191826516245596990e-01 8.395286710849081402e-01 1.702555537414154108e+00 5.630041216164827347e+02
4.033773768946443683e-01 7.611160904444793651e-01 1.624142956773725333e+00 5.629129506796598434e+02
4.203515007202607290e-01 9.522123799122390597e-01 1.815239246241485027e+00 5.665791408121585846e+02
4.500158812966686406e-01 9.503110515247090717e-01 1.813337917853955039e+00 5.670874909684062004e+02
4.658276561190913823e-01 8.106108428963865187e-01 1.673637709225632486e+00 5.671680523529648781e+02
4.188221455771417023e-01 8.925472843716594218e-01 1.755574150700905278e+00 5.639016084149479866e+02
4.141862309346169280e-01 8.936647694958534949e-01 1.756691635825099240e+00 5.639009850174188614e+02
4.313991355696337737e-01 9.257070815786144768e-01 1.788733947907860333e+00 5.652895830571651459e+02
3.967638897596632575e-01 9.239045024744145795e-01 1.786931368803660325e+00 5.656783679127693176e+02
4.254178559863864839e-01 8.083551555125354504e-01 1.671382021841781196e+00 5.633822908028960228e+02
3.939602657490678395e-01 7.402476069876522402e-01 1.603274473316897986e+00 5.629565931931138039e+02
3.863360130100490508e-01 7.642980682762496869e-01 1.627324934605495432e+00 5.623943050280213356e+02
4.004834996791239998e-01 6.353905687524408208e-01 1.498417435081686566e+00 5.673974016234278679e+02
4.192415775966065183e-01 6.115164994322945802e-01 1.474543365761540326e+00 5.706743797212839127e+02
3.756145507841222031e-01 5.682199335341966417e-01 1.431246799863442387e+00 5.693948207348585129e+02
3.878113952318169577e-01 6.314680814450817081e-01 1.494494947774327454e+00 5.666514526009559631e+02
3.794883463422499270e-01 5.517312357605316242e-01 1.414758102089777481e+00 5.707612441405653954e+02
3.483005541578437225e-01 6.674827502646626387e-01 1.530509616593908495e+00 5.639420702382922173e+02
3.742249579967145690e-01 6.884040681366232484e-01 1.551430934465868994e+00 5.636764971688389778e+02
3.997176509596855887e-01 7.363470242954492928e-01 1.599373890624695038e+00 5.632842949107289314e+02
3.953850840714439041e-01 7.977419787290527253e-01 1.660768845058298471e+00 5.623316260501742363e+02
4.423431468164469305e-01 8.552337861237440109e-01 1.718260652452989756e+00 5.643467693477869034e+02
4.260540556949065638e-01 8.448604137646705814e-01 1.707887280093916438e+00 5.633217985928058624e+02
3.886414881752744965e-01 8.464002714466088984e-01 1.709427137775854755e+00 5.628852823823690414e+02
3.831313629168818791e-01 8.059383263664197106e-01 1.668965192695665678e+00 5.623572787940502167e+02
3.355965042994892844e-01 7.454589244981670859e-01 1.608485790827413053e+00 5.636884087547659874e+02
3.683907513098766406e-01 8.451913782591268243e-01 1.708218244588372681e+00 5.637298942878842354e+02
3.571695309818000430e-01 7.372788015934569339e-01 1.600305667922702790e+00 5.627434710115194321e+02
3.818834368811173663e-01 6.858734703360309659e-01 1.548900336665276711e+00 5.640111828073859215e+02
3.279542969911771744e-01 7.514583681856530362e-01 1.614485234514898782e+00 5.643225877434015274e+02
2.863941481813956358e-01 6.521611228784403025e-01 1.515187989207686048e+00 5.670027277916669846e+02
3.162649137728127391e-01 6.398893808435683894e-01 1.502916247172814135e+00 5.651968285590410233e+02
3.166603051305579841e-01 6.490193343611242449e-01 1.512046200690369879e+00 5.650237454324960709e+02
3.079167853201499883e-01 7.096833971569960209e-01 1.572710263486241544e+00 5.654481420591473579e+02
3.353156713628649976e-01 8.273002910379688712e-01 1.690327157367214284e+00 5.660019143074750900e+02
3.688077208888970171e-01 8.689429798788850245e-01 1.731969846208130548e+00 5.646539327427744865e+02
3.618969236176678983e-01 8.178810056034524489e-01 1.680907871932697972e+00 5.633129633069038391e+02
3.508799965279006949e-01 6.968901288546057726e-01 1.559916995183851407e+00 5.633045224323868752e+02
4.073887403992776379e-01 7.766766838405141371e-01 1.639703550169759882e+00 5.628324790000915527e+02
3.972801749865777499e-01 8.875384986180441249e-01 1.750565364947289870e+00 5.639108354747295380e+02
3.808083804617170554e-01 8.886972481410958524e-01 1.751724114470341487e+00 5.647344156801700592e+02
4.285435521951863613e-01 7.841967384126117269e-01 1.647223604741857361e+00 5.639479688778519630e+02
4.317164462040369299e-01 9.129274237116837831e-01 1.775954290040929529e+00 5.648206364586949348e+02
3.382095689833437557e-01 7.934004489726296239e-01 1.656427315301875369e+00 5.644074829518795013e+02
3.396283143660566162e-01 7.686495235036145957e-01 1.631676389832860341e+00 5.637259276360273361e+02
3.129876957469268639e-01 6.627115155434000204e-01 1.525738381872645766e+00 5.650292640328407288e+02
3.282676800749711465e-01 7.442728002301961521e-01 1.607299666559441897e+00 5.641884381175041199e+02
3.492582788042628561e-01 7.127722452798618269e-01 1.575799111609107683e+00 5.631179290264844894e+02
3.334607242122865634e-01 6.358982244779867177e-01 1.498925090807232685e+00 5.648832292184233665e+02
3.524411266824659661e-01 7.146871090295807694e-01 1.577713975358826737e+00 5.630305728167295456e+02
4.228400837908842247e-01 8.383084375714870973e-01 1.701335303900733065e+00 5.631481010541319847e+02
4.059903000559168529e-01 9.072064163027269146e-01 1.770233282631972882e+00 5.644924584180116653e+02
4.049787933138063178e-01 9.536038363029171183e-01 1.816630702632163086e+00 5.671680183112621307e+02
4.592893863634886498e-01 9.152071656987390558e-01 1.778234032027985023e+00 5.664947213605046272e+02
4.388249701649119539e-01 8.937889471682405329e-01 1.756815813497486500e+00 5.645860168114304543e+02
4.156772010879180579e-01 8.542236149910307219e-01 1.717250481320276689e+00 5.630312370955944061e+02
4.194041190802024199e-01 7.406995650605955328e-01 1.603726431389841611e+00 5.643625712618231773e+02
4.299503764333669764e-01 7.812866963071707360e-01 1.644313562636416703e+00 5.641144978925585747e+02
3.813006034315624682e-01 8.239711174103764302e-01 1.686997983739622509e+00 5.626190545111894608e+02
3.310479721218609894e-01 8.337130965819801176e-01 1.696739962911226307e+00 5.668625671938061714e+02
3.093517476212528927e-01 7.955465153880422191e-01 1.658573381717288520e+00 5.678995070382952690e+02
3.136920476031640481e-01 7.015580679323494273e-01 1.564584934261595839e+00 5.649001911059021950e+02
3.052026656961901452e-01 7.328970158755482300e-01 1.595923882204794531e+00 5.661299353837966919e+02
3.266729935358584358e-01 8.034928294339792609e-01 1.666519695763225561e+00 5.659609770625829697e+02
3.336193691632749481e-01 7.325609944303536070e-01 1.595587860759599907e+00 5.637122490406036377e+02
3.240545180471817721e-01 6.533529859421749464e-01 1.516379852271421358e+00 5.646761400252580643e+02
3.237926863720755888e-01 6.279912145386989941e-01 1.491018080867945406e+00 5.652464299947023392e+02
3.111519136825114384e-01 7.488209193757700000e-01 1.611847785705016411e+00 5.658732981085777283e+02
3.192152910605872140e-01 7.079805760945245829e-01 1.571007442423770994e+00 5.645277680680155754e+02
3.174840431282935915e-01 6.972515922085780193e-01 1.560278458537824431e+00 5.646170142814517021e+02
3.775927061426531672e-01 9.015598469105163826e-01 1.764586713239762794e+00 5.656527440845966339e+02
3.560769095672871032e-01 8.344919061758733214e-01 1.697518772505119733e+00 5.642370078042149544e+02
3.792919302471175480e-01 8.210499764352832130e-01 1.684076842764529625e+00 5.626235918924212456e+02
4.044965839836414112e-01 8.146512889897945531e-01 1.677678155319040965e+00 5.624922288954257965e+02
4.206426969765783008e-01 8.082782429657088263e-01 1.671305109294955127e+00 5.631124463528394699e+02
3.928562523560134023e-01 8.235971079559736285e-01 1.686623974285220040e+00 5.624431351870298386e+02
3.952612202280498810e-01 8.327950594674939921e-01 1.695821925796740404e+00 5.625451035052537918e+02
3.857153014922337086e-01 7.424529111648012769e-01 1.605479777494047688e+00 5.626762558445334435e+02
3.907528477577757453e-01 8.340222043960553444e-01 1.697049070725301867e+00 5.626023368835449219e+02
3.500449015909685158e-01 6.743519991739402863e-01 1.537378865503186809e+00 5.637685616537928581e+02
3.664085012831398425e-01 6.987237802001946552e-01 1.561750646529441289e+00 5.632536942213773727e+02
3.623628122962679887e-01 7.429401614917778840e-01 1.605967027821024518e+00 5.626091365143656731e+02
3.337490887337597467e-01 6.453224804714337015e-01 1.508349346800680335e+00 5.646264232620596886e+02
3.635167316793955217e-01 7.737713623429682830e-01 1.636798228672214917e+00 5.625708262324333191e+02
3.891223367746230455e-01 8.268352490418287015e-01 1.689862115371075335e+00 5.625139838829636574e+02
3.979740863290883723e-01 8.410544111557147762e-01 1.704081277484961410e+00 5.626562691405415535e+02
4.108993879971249985e-01 9.089124050014738554e-01 1.771939271330720489e+00 5.644821659475564957e+02
3.689691409087119123e-01 7.861135612154637187e-01 1.649140427544710352e+00 5.624902673363685608e+02
3.867015592039261263e-01 8.413096616251741766e-01 1.704336527954420699e+00 5.628182553276419640e+02
4.099713667801555550e-01 8.188353940854022905e-01 1.681862260414648702e+00 5.626362537592649460e+02
4.089939890810343481e-01 7.134717303361081120e-01 1.576498596665354412e+00 5.645165258496999741e+02
4.425215477144986975e-01 8.024869630936923848e-01 1.665513829422938796e+00 5.647685952857136726e+02
4.054873149825679590e-01 6.325078497534855071e-01 1.495534716082731919e+00 5.679905239343643188e+02
4.013731573211343218e-01 8.547343210033544469e-01 1.717761187332600858e+00 5.628909942880272865e+02
3.687110242558859219e-01 7.904060734432440949e-01 1.653432939772490506e+00 5.625341400951147079e+02
3.848133525732114757e-01 7.424967095468755218e-01 1.605523575876121933e+00 5.626565408036112785e+02
3.878604725549185117e-01 7.914287442187019073e-01 1.654455610547948208e+00 5.622748229801654816e+02
3.487777846492285949e-01 6.471618972002552983e-01 1.510188763529501710e+00 5.645221483111381531e+02
3.596967774363812875e-01 6.586383258848929056e-01 1.521665192214139317e+00 5.642880188748240471e+02
3.712151672750608755e-01 6.969066934774151845e-01 1.559933559806661485e+00 5.633695257380604744e+02
3.800187246921432060e-01 6.908103691987523831e-01 1.553837235527998795e+00 5.637808008342981339e+02
3.578758315030713399e-01 7.152007504704446239e-01 1.578227616799690924e+00 5.629448084533214569e+02
3.789692386553854542e-01 8.762583042413176759e-01 1.739285170570563865e+00 5.642774954140186310e+02
4.141230838301390160e-01 7.583129474122493052e-01 1.621339813741495384e+00 5.635262514203786850e+02
4.213212165528021913e-01 8.563554419417368502e-01 1.719382308270982929e+00 5.632216903418302536e+02
4.142533175442617566e-01 7.967325258636156482e-01 1.659759392192861727e+00 5.628979927226901054e+02
4.176682358030394671e-01 9.262676364556217123e-01 1.789294502784867902e+00 5.651956691518425941e+02
3.869084865728550371e-01 8.436686461949181037e-01 1.706695512524164293e+00 5.628656094595789909e+02
3.945150490053218051e-01 7.253140949022192085e-01 1.588340961231465398e+00 5.633362969309091568e+02
4.020749160044048698e-01 7.220569659173563526e-01 1.585083832246602542e+00 5.638011550828814507e+02
4.006229178469700170e-01 8.046563645750361982e-01 1.667683230904282388e+00 5.624098025411367416e+02
3.776110395620964066e-01 6.836401303536402407e-01 1.546666996682886541e+00 5.639291096255183220e+02
3.912127076885659749e-01 8.106207997479761840e-01 1.673647666077222596e+00 5.623373376280069351e+02
4.223372370925159158e-01 8.595984874355084848e-01 1.722625353764754896e+00 5.632956359237432480e+02
4.321444101939604376e-01 7.654621911640935306e-01 1.628489057493339942e+00 5.646767429038882256e+02
4.297268612865441928e-01 8.880764820796727133e-01 1.751103348408919125e+00 5.640549214035272598e+02
3.830413430343616588e-01 7.764808393229087891e-01 1.639507705652155201e+00 5.622898513153195381e+02
3.686278598056158540e-01 8.286940733284251515e-01 1.691720939657671563e+00 5.632162320688366890e+02
3.129071707710067707e-01 6.890945264750759636e-01 1.552121392804322486e+00 5.649215904176235199e+02
3.290489700552144958e-01 6.016018867757830790e-01 1.464628753105029713e+00 5.660198478624224663e+02
3.752233583326641808e-01 6.281920566802356998e-01 1.491218923009482333e+00 5.660639947056770325e+02
3.684436418597352714e-01 6.660689344925451172e-01 1.529095800821791862e+00 5.642374102771282196e+02
3.601081035235422778e-01 7.212829201666703938e-01 1.584309786495917027e+00 5.628418386951088905e+02
3.708644056141570111e-01 7.712239298970477996e-01 1.634250796226294433e+00 5.623887644186615944e+02
3.498655734252371641e-01 8.245390295358157040e-01 1.687565895865062338e+00 5.643947734832763672e+02
3.609608067225343886e-01 7.626601437305522424e-01 1.625687010059798876e+00 5.626048711687326431e+02
3.645904622543505447e-01 7.629343415941149953e-01 1.625961207923361629e+00 5.625097565129399300e+02
4.083703471415959241e-01 7.907346069346929962e-01 1.653761473263939630e+00 5.627059017270803452e+02
3.869729783494035846e-01 7.465714163896395306e-01 1.609598282718886164e+00 5.626350676491856575e+02
3.807125802971735862e-01 7.953193477132131095e-01 1.658346214042459632e+00 5.623158919364213943e+02
3.810273406274379826e-01 7.573169430094039978e-01 1.620343809338650409e+00 5.624076073169708252e+02
3.816855168760292516e-01 8.004244791963761596e-01 1.663451345525622571e+00 5.623343088254332542e+02
3.630629871987071100e-01 6.500842401740370979e-01 1.513111106503283398e+00 5.646614958420395851e+02
3.523585325920353672e-01 7.417681738167564154e-01 1.604795040146002716e+00 5.628619991391897202e+02
3.628559140548705542e-01 7.854978131369581007e-01 1.648524679466204290e+00 5.626874208375811577e+02
3.882714416301970006e-01 8.024623569919544508e-01 1.665489223321200640e+00 5.622983894720673561e+02
3.483400246762651808e-01 8.006475813849041057e-01 1.663674447714150295e+00 5.637778835445642471e+02
3.599172140012261156e-01 8.525491976522610038e-01 1.715576063981507193e+00 5.646438337415456772e+02
3.737878856776783998e-01 9.181370106148604160e-01 1.781163876944106494e+00 5.670562511309981346e+02
3.567471377170619018e-01 9.066287625594897648e-01 1.769655628888735732e+00 5.681918685659766197e+02
3.363650251379549649e-01 7.944183865059739613e-01 1.657445252835219929e+00 5.646061555221676826e+02
3.522904401935003094e-01 9.436825572082638836e-01 1.806709423537509851e+00 5.721896728873252869e+02
3.435398217978988811e-01 8.053551864275785288e-01 1.668382052756824496e+00 5.642985353842377663e+02
3.890053077243615931e-01 7.753938585999371469e-01 1.638420724929183114e+00 5.623377195224165916e+02
4.166152336592718886e-01 8.462082978787991427e-01 1.709235164208044999e+00 5.629668548479676247e+02
4.109727885910237077e-01 8.399007804211915396e-01 1.702927646750437507e+00 5.627643500864505768e+02
3.968862279628297962e-01 8.358936296742573990e-01 1.698920496003503366e+00 5.625824033170938492e+02
4.058981075013872730e-01 8.291624842673087636e-01 1.692189350596554842e+00 5.625796871930360794e+02
4.186300642741481171e-01 8.799865851154741181e-01 1.743013451444720197e+00 5.635650770440697670e+02
4.089178622096883986e-01 8.570201084705690864e-01 1.720046974799815054e+00 5.629584912657737732e+02
3.918169371640785048e-01 7.981651112354046784e-01 1.661191977564650646e+00 5.622963309586048126e+02
3.760697073283468250e-01 8.254577611511760837e-01 1.688484627480422162e+00 5.628093269392848015e+02
3.553451499722624085e-01 6.192652973260872606e-01 1.482292163655333450e+00 5.656753843799233437e+02
3.897160544973154450e-01 6.894374904709124063e-01 1.552464356800158596e+00 5.642347312122583389e+02
3.670822479632059876e-01 8.496284273457268554e-01 1.712655293674973045e+00 5.639751108661293983e+02
3.555664873157523553e-01 6.650282640394437061e-01 1.528055130368689785e+00 5.640328729376196861e+02
3.258726777307605071e-01 6.318089503609727320e-01 1.494835816690218921e+00 5.651054843738675117e+02
3.084242558043593929e-01 5.867349240436732227e-01 1.449761790372919412e+00 5.667731028795242310e+02
2.932927249458655572e-01 5.504996097509672337e-01 1.413526476080213534e+00 5.683573734238743782e+02
3.271565267256076881e-01 5.407397388416785855e-01 1.403766605170924775e+00 5.687010696679353714e+02
3.252418315686390615e-01 5.736025875841508359e-01 1.436629453913397025e+00 5.671192447990179062e+02
3.505141584015310507e-01 6.893913673340363868e-01 1.552418233663282576e+00 5.634428277686238289e+02
3.500103120424596370e-01 7.451914659411740249e-01 1.608218332270420214e+00 5.629465992674231529e+02
3.476356799790596419e-01 6.792833163121315687e-01 1.542310182641377647e+00 5.636727757528424263e+02
3.293441723289867173e-01 6.750024942405745687e-01 1.538029360569820536e+00 5.641539456769824028e+02
3.802613048761963599e-01 8.631728057642351626e-01 1.726199672093481130e+00 5.636875486075878143e+02
3.494171277826221278e-01 8.032357318732512574e-01 1.666262598202497225e+00 5.637655443996191025e+02
3.236755102444772159e-01 6.213623220796202773e-01 1.484389188408866245e+00 5.654289667159318924e+02
3.628035385033273608e-01 8.072059466107224246e-01 1.670232812939968392e+00 5.630209254473447800e+02
3.652426500535013165e-01 8.342377377769329971e-01 1.697264604106178965e+00 5.635701293051242828e+02
3.571779972513985379e-01 6.991915115085097776e-01 1.562218377837755634e+00 5.632118784412741661e+02
3.863425996591196010e-01 8.354739873674463801e-01 1.698500853696692348e+00 5.627066314294934273e+02
3.598303871733354864e-01 8.413975539085445376e-01 1.704424420237790505e+00 5.641970771700143814e+02
3.658633885028846899e-01 7.587930076291219406e-01 1.621819873958367797e+00 5.624854483529925346e+02
