8.595606060609417565e-01 1.645694953568742624e-01 7.613100175186991692e+02
8.579082019764558975e-01 2.066722219768586943e-01 7.563148611485958099e+02
8.151529166894636580e-01 2.440886714605154939e-01 7.326432313546538353e+02
8.209959517530740492e-01 2.856934071901878758e-01 7.311658246666193008e+02
7.802193373463662818e-01 2.729446654843532549e-01 7.140509227439761162e+02
7.649616152404744573e-01 2.934617420864844561e-01 7.052604215741157532e+02
7.151106075548774310e-01 2.573589077870865882e-01 6.889450033456087112e+02
6.862931469608055668e-01 2.099684010838892556e-01 6.837884857729077339e+02
6.544375668213934238e-01 1.903090429780963377e-01 6.749665504842996597e+02
6.218829803057848160e-01 1.930660006327105660e-01 6.637710329145193100e+02
5.739522765154131401e-01 1.494205940447841663e-01 6.547627293318510056e+02
5.874795077234143958e-01 1.490409288270912735e-01 6.588089081794023514e+02
6.002017269055921478e-01 1.625384354044959456e-01 6.608989682644605637e+02
6.039372917718013323e-01 1.621068504829819568e-01 6.621099552363157272e+02
5.757213889373311577e-01 2.034012836597728913e-01 6.482263725921511650e+02
5.641377290917732878e-01 1.785400761999280939e-01 6.481088439524173737e+02
5.339515827228453748e-01 1.945223430015979582e-01 6.377234657108783722e+02
5.069757072811523768e-01 1.581207766699162798e-01 6.355410358384251595e+02
4.927398960472116340e-01 1.557445912660561371e-01 6.323838380277156830e+02
4.973322159988587954e-01 1.852528893720312986e-01 6.296607725918292999e+02
4.617946592906689296e-01 1.370558083212014278e-01 6.277223977595567703e+02
4.503268121567729487e-01 1.776703624102069501e-01 6.200607872232794762e+02
4.005063036741679516e-01 1.490940422788883113e-01 6.140325477868318558e+02
3.788123254100715931e-01 1.585756880204595709e-01 6.092188625782728195e+02
3.713793529825514805e-01 1.607833513986912100e-01 6.077849349528551102e+02
3.809748206007830817e-01 1.728869936326419277e-01 6.078485209420323372e+02
3.771626855600481720e-01 2.026681926528871025e-01 6.037386498451232910e+02
3.322671721072008033e-01 1.950742846253785689e-01 5.984833290949463844e+02
2.946203495656306570e-01 2.366865961080673875e-01 5.904057790935039520e+02
3.161818806200316634e-01 2.512101222766525144e-01 5.908497358262538910e+02
3.415274868586237744e-01 2.901962592376257088e-01 5.895028527230024338e+02
3.292739686950695854e-01 3.196736133477201536e-01 5.854035031870007515e+02
3.004387240954164429e-01 3.521661068123774219e-01 5.804350084364414215e+02
2.578003180865934274e-01 3.658656776313927161e-01 5.781268589720129967e+02
2.644673234744192580e-01 3.942174858587577102e-01 5.763562398850917816e+02
2.523069245808373107e-01 3.830324088011302641e-01 5.770599460825324059e+02
2.277445953782945842e-01 3.628571910551910418e-01 5.786184405311942101e+02
2.691320282771725303e-01 4.088919116378030294e-01 5.754730278030037880e+02
2.277371786436714063e-01 4.312181392653000600e-01 5.754741441532969475e+02
2.735004498430402275e-01 4.407736426603434121e-01 5.736329233422875404e+02
2.429045650594686967e-01 4.444272516959250074e-01 5.741970067843794823e+02
2.553423636140096931e-01 4.346598625766884827e-01 5.742137841507792473e+02
2.993429108343862444e-01 4.551312578604451153e-01 5.729902161583304405e+02
3.309285682772735160e-01 4.931565938562493812e-01 5.715926028490066528e+02
3.387593097942039888e-01 4.672874361230215379e-01 5.737642090544104576e+02
3.044228844438162107e-01 4.386646109575383368e-01 5.741750165671110153e+02
2.622649604149501767e-01 4.764693346319859302e-01 5.721311923637986183e+02
2.887834216261848108e-01 4.500701910421460172e-01 5.731395924389362335e+02
2.438245247378877101e-01 4.287739226587248820e-01 5.748345484137535095e+02
2.828353148820000329e-01 4.774355030026110058e-01 5.716522408947348595e+02
2.718494658530619668e-01 5.262858840743439570e-01 5.699346903786063194e+02
3.030655898621201216e-01 5.530687291870853839e-01 5.680577403679490089e+02
3.377164347400262723e-01 5.297513048168421834e-01 5.696254476979374886e+02
3.001666205341880223e-01 5.584934366988962839e-01 5.679080418050289154e+02
3.143755122400898050e-01 5.611108283476569092e-01 5.676315003857016563e+02
3.544763501519381799e-01 5.896974599362312386e-01 5.670143296122550964e+02
3.833219077720305679e-01 6.020948004312854929e-01 5.679271249920129776e+02
3.364803218783019023e-01 6.444641515303363155e-01 5.646166404709219933e+02
2.903611748870730258e-01 6.789333157192993795e-01 5.667904032617807388e+02
3.071847786435602523e-01 7.147990032781561531e-01 5.655833263099193573e+02
3.117037628309315966e-01 7.104138085720469453e-01 5.651249403059482574e+02
2.852267278054931299e-01 6.804807510883070787e-01 5.673539507314562798e+02
3.255465276274301378e-01 6.689591317617634703e-01 5.643755321502685547e+02
3.438990066052157735e-01 6.448370639408126381e-01 5.645742774605751038e+02
3.599093362729094969e-01 6.846492729977088354e-01 5.635360807031393051e+02
3.426903242802979976e-01 6.854145748268819505e-01 5.636286043375730515e+02
3.260569864090902548e-01 6.362779945463342690e-01 5.649885369986295700e+02
3.152875142008901843e-01 6.678414127058985850e-01 5.648594347536563873e+02
3.052034717503991357e-01 6.896450438016552553e-01 5.655099857896566391e+02
3.141488146733865672e-01 7.255246055389401594e-01 5.650960418879985809e+02
3.570068021386746393e-01 7.545596170542303582e-01 5.627114601731300354e+02
3.330285601391272943e-01 7.116847720951102740e-01 5.637089407444000244e+02
3.500118561647255211e-01 6.985960771208271636e-01 5.632887258455157280e+02
3.587628623201971623e-01 7.063155308842191671e-01 5.630761293247342110e+02
3.615841823822790180e-01 7.192214083830460458e-01 5.628576753884553909e+02
3.535908778840523570e-01 7.152393139941568556e-01 5.630034824386239052e+02
3.695335779448229996e-01 7.125670769405935134e-01 5.629841561466455460e+02
3.571618193276175912e-01 7.001931322474644892e-01 5.631931438148021698e+02
3.578693179443441785e-01 7.466820951374515403e-01 5.626902906000614166e+02
3.714641571325101865e-01 7.572834969991986132e-01 5.624135847836732864e+02
4.069398822197977661e-01 7.399500799254277172e-01 5.635628660991787910e+02
3.848471194016969132e-01 7.299282444087819011e-01 5.628946468755602837e+02
4.016134011882719901e-01 7.359588906523453211e-01 5.633852610439062119e+02
4.253623612575250235e-01 7.389275039044306270e-01 5.648973313346505165e+02
4.025236136200847081e-01 7.875362986900806828e-01 5.625334823504090309e+02
4.085359146282958043e-01 7.631944030570535498e-01 5.631124967262148857e+02
4.536766445556478788e-01 7.989225667733026448e-01 5.659722559824585915e+02
4.492543978238083269e-01 7.629619173702258950e-01 5.664739343076944351e+02
4.318071541276435887e-01 7.437147751028644338e-01 5.653108009397983551e+02
3.864076007706743754e-01 6.992335645223013429e-01 5.637556706443428993e+02
3.707911472260759234e-01 6.890791165476936042e-01 5.635735568404197693e+02
3.461975275661131612e-01 6.822324607266748719e-01 5.636288679763674736e+02
3.451869286051483798e-01 7.226236031584634123e-01 5.631614984497427940e+02
3.562290122035507434e-01 7.501378717710635025e-01 5.627331620454788208e+02
3.953554987821693567e-01 7.242960253774693991e-01 5.634002941101789474e+02
3.830240361802391691e-01 7.369187300504197458e-01 5.627170418947935104e+02
3.492980529883968344e-01 7.027039916314410384e-01 5.632394831925630569e+02
3.728205100358455426e-01 6.857888970287643327e-01 5.637179774940013885e+02
3.537025959750477733e-01 6.628775633021088964e-01 5.640800713151693344e+02
3.309568543070668944e-01 6.812761452054115763e-01 5.640159963369369507e+02
3.705648607993416999e-01 7.134159527740141504e-01 5.629772636517882347e+02
4.193862985865826065e-01 7.337739071797366730e-01 5.645821200385689735e+02
4.279380555821863386e-01 7.586781293568162221e-01 5.645072887614369392e+02
4.147519966742874709e-01 7.856358423225576759e-01 5.630530549362301826e+02
4.241687437304562103e-01 8.144934011334978852e-01 5.632587918266654015e+02
3.956990340003956885e-01 8.217508663093558985e-01 5.624228866174817085e+02
4.076239697442082810e-01 8.432467901885912775e-01 5.627394928857684135e+02
4.489961016578515318e-01 8.670600732119584375e-01 5.649138261601328850e+02
4.136140266029750823e-01 8.218179256651394482e-01 5.627545956596732140e+02
4.035685908956328505e-01 8.632277815016489164e-01 5.630668820589780807e+02
3.830981713961981727e-01 8.687811649840669892e-01 5.637531899809837341e+02
4.249624450116748497e-01 8.677657068966275755e-01 5.635011149421334267e+02
3.926237448547570397e-01 8.309038376984153595e-01 5.625350607931613922e+02
3.592816891683418556e-01 7.840220419814034614e-01 5.628184056282043457e+02
4.015071980776415694e-01 7.498412361169828344e-01 5.630535713881254196e+02
3.530780546264006836e-01 7.928347253242008508e-01 5.632812986746430397e+02
3.744690471680230948e-01 7.937718427048405800e-01 5.624112702608108521e+02
4.090267612217124982e-01 7.784502739313876596e-01 5.628789290860295296e+02
4.282779708712347588e-01 8.187728495650942184e-01 5.634722935780882835e+02
3.926992511052254109e-01 7.941435744229832228e-01 5.623045880421996117e+02
3.467403797082037054e-01 7.999221493484887091e-01 5.638799939230084419e+02
3.650219182492656089e-01 8.014563275628344696e-01 5.628120449781417847e+02
3.474084667940956495e-01 7.943204886836577883e-01 5.636898412257432938e+02
3.108630067169365629e-01 7.645426320610457793e-01 5.663845887109637260e+02
3.525341305984240337e-01 7.674658167092274219e-01 5.629525515437126160e+02
3.973942297846199678e-01 7.659814081834120936e-01 5.626162349358201027e+02
3.663252007643664765e-01 7.776422223438274051e-01 5.625091859400272369e+02
3.816796705018638547e-01 7.962256671781804407e-01 5.623097951039671898e+02
3.949516594106354250e-01 7.881435322976044766e-01 5.623523279279470444e+02
3.784046187272036565e-01 7.568977218252719297e-01 5.623975391834974289e+02
3.916201224865212827e-01 7.736715033635362948e-01 5.623902018889784813e+02
3.951918297371188604e-01 8.105755181682484656e-01 5.623495156317949295e+02
3.586569548419716869e-01 8.515914310397428855e-01 5.647106063961982727e+02
3.599347932182883070e-01 8.890314796681931808e-01 5.665823222547769547e+02
3.490835456301459860e-01 8.699664459899117963e-01 5.666593099460005760e+02
3.636620595526484645e-01 8.559535150466349718e-01 5.644818580448627472e+02
3.481570102380213139e-01 8.396273511254231936e-01 5.651661315709352493e+02
3.691585831370730042e-01 8.121158781918178526e-01 5.628200553283095360e+02
4.101357312433914215e-01 8.218557434686935004e-01 5.626450168862938881e+02
3.945589775621384243e-01 7.795344156080699083e-01 5.623979497328400612e+02
3.962955869317501545e-01 7.670786674876932665e-01 5.625690525248646736e+02
3.881904867285389527e-01 8.097891499782383651e-01 5.623408627212047577e+02
4.156886431553980521e-01 8.576452509621409481e-01 5.630790574848651886e+02
3.942098895911970713e-01 8.920046528342727710e-01 5.641942976266145706e+02
4.028166190348749232e-01 8.699788795266776287e-01 5.632388577610254288e+02
3.828324625901740608e-01 8.596284761464080271e-01 5.634465272724628448e+02
4.036621410690940936e-01 8.795349383780453056e-01 5.635043466612696648e+02
4.058566714992457580e-01 8.546318952120006696e-01 5.628929071351885796e+02
3.890618281855653393e-01 8.473720023337540930e-01 5.628978563696146011e+02
3.667474285482107965e-01 7.985796556825913717e-01 5.626977037042379379e+02
3.939064574017006048e-01 7.858302445434234285e-01 5.623462752401828766e+02
3.822234037238574911e-01 8.353753810486207465e-01 5.628128586336970329e+02
3.672467892804754941e-01 8.185384251571494740e-01 5.630387718826532364e+02
3.847082043570053678e-01 8.644939228994449332e-01 5.635290068536996841e+02
3.639961254617292696e-01 8.208391386037851012e-01 5.632664282917976379e+02
3.581170587076981660e-01 8.210155043304340206e-01 5.636393770202994347e+02
3.995100937584279976e-01 8.423656244272438309e-01 5.626737776175141335e+02
3.979048842436715971e-01 8.124965501308505367e-01 5.623806408569216728e+02
3.975159915659536858e-01 8.403683565524626697e-01 5.626470177695155144e+02
3.659284014697005705e-01 8.130952715629590211e-01 5.629854564964771271e+02
3.507260350969712559e-01 7.731144130099758538e-01 5.631029880940914154e+02
3.845763972394276586e-01 7.632359838167707133e-01 5.623835184797644615e+02
3.871472303378347690e-01 8.127463188006610606e-01 5.623725690692663193e+02
4.175963122871094724e-01 8.384106332951043461e-01 5.629410505965352058e+02
3.703158299108249008e-01 8.269805617773600126e-01 5.630874328166246414e+02
3.619354902303885124e-01 8.349758455043566618e-01 5.638126315623521805e+02
3.468696368664863083e-01 8.016665325729929181e-01 5.639169107973575592e+02
3.800494824947303618e-01 7.531867559004761237e-01 5.624425351545214653e+02
3.798805408082425727e-01 7.722101950694388872e-01 5.623048196509480476e+02
3.900263052943501174e-01 7.830601683632452126e-01 5.623074028417468071e+02
3.655885477557186403e-01 7.399081596391773319e-01 5.625884344503283501e+02
3.444031931408986225e-01 7.867856403944314403e-01 5.637364481315016747e+02
3.843073124000166430e-01 7.999574227217871591e-01 5.623051293641328812e+02
3.941887120487108098e-01 8.075668349071983831e-01 5.623315121456980705e+02
3.988138840436884491e-01 8.046936405965350314e-01 5.623780591487884521e+02
3.698126507951898789e-01 8.182159882145312313e-01 5.629118848815560341e+02
3.671346909349224030e-01 8.221515555479594894e-01 5.631287693083286285e+02
3.708087867459028408e-01 8.222728967550554380e-01 5.629547452554106712e+02
3.797580875774957399e-01 8.590370427617599614e-01 5.635674847513437271e+02
3.868563648791253362e-01 8.574209707159357041e-01 5.632246683835983276e+02
3.888053730051567181e-01 8.552839223003046998e-01 5.631040632501244545e+02
3.976333918718539806e-01 8.149491769000023478e-01 5.623883611187338829e+02
4.225239536440825727e-01 8.065923930982071832e-01 5.632292984724044800e+02
4.238388815093051543e-01 7.977953330686188282e-01 5.634046644121408463e+02
3.982637891890685733e-01 7.692144159138676329e-01 5.625993310287594795e+02
3.565677162206636330e-01 7.423955367621127843e-01 5.627360627427697182e+02
3.404295853826434515e-01 7.006499461850181909e-01 5.634813905060291290e+02
3.016464974366840912e-01 7.092310517837718820e-01 5.660425790846347809e+02
2.975567172330920163e-01 7.404989809871678208e-01 5.672597805112600327e+02
3.195888412158325309e-01 7.068725157459890829e-01 5.644974108114838600e+02
3.689603912494032190e-01 7.456121785610195785e-01 5.625114816427230835e+02
3.817637617962953978e-01 7.809625463289158187e-01 5.622800736129283905e+02
3.772758116674768680e-01 7.892486737784873974e-01 5.623322878479957581e+02
3.870562151315295463e-01 7.616210629869029081e-01 5.624320261776447296e+02
3.883765022834306246e-01 7.246751679777172495e-01 5.631183145567774773e+02
4.163521837678514359e-01 7.269455670747934084e-01 5.645786957591772079e+02
3.691799866024221277e-01 6.825975506850939789e-01 5.637264175787568092e+02
4.024122520246022350e-01 7.305401345740795138e-01 5.635718607977032661e+02
4.101660233420356128e-01 7.429111809266636390e-01 5.636719991043210030e+02
3.767189913676320945e-01 7.634785722696929566e-01 5.623509933575987816e+02
3.375869643847617674e-01 7.742619430827372140e-01 5.639837103486061096e+02
3.715921333117941927e-01 7.565612751877426323e-01 5.624163478910923004e+02
4.065040460756324525e-01 7.693891406961683721e-01 5.629056760296225548e+02
4.273984594121492675e-01 7.893086512220528483e-01 5.637702433764934540e+02
4.384519734083817122e-01 8.331888358196704036e-01 5.640811284929513931e+02
4.777403486419798395e-01 8.611402874412793507e-01 5.680574157685041428e+02
4.545418578547112953e-01 8.171680411522144194e-01 5.657156659439206123e+02
4.677622793070472795e-01 7.728260897200563972e-01 5.684936066940426826e+02
4.485996726015283875e-01 7.873411459076525842e-01 5.656940642818808556e+02
4.429189781497265832e-01 7.663590079753425099e-01 5.656766319125890732e+02
4.092572642874161004e-01 7.703313249952521424e-01 5.630173060670495033e+02
4.290257479447211475e-01 8.056128169591894039e-01 5.636440741345286369e+02
4.717276376924731118e-01 8.399841067841683495e-01 5.674357383251190186e+02
4.284886371610713840e-01 8.841919138007052759e-01 5.639252151772379875e+02
4.416501512863436618e-01 9.044785934644413716e-01 5.649881204888224602e+02
4.486941441745765924e-01 9.235658164583401275e-01 5.659496577158570290e+02
3.994280210556201971e-01 9.564539382252656985e-01 5.677016817703843117e+02
3.842756891840813371e-01 9.231900039383821310e-01 5.664547282755374908e+02
4.281429450107005485e-01 9.575962822211351311e-01 5.668581034839153290e+02
4.031277964226293031e-01 9.171703704042319938e-01 5.650409688279032707e+02
4.275789638894072486e-01 9.191903479589674797e-01 5.649488340243697166e+02
4.626499862988489031e-01 8.815444920259446482e-01 5.662718791514635086e+02
4.743812589473180297e-01 8.665230043773489710e-01 5.675930497199296951e+02
4.266174620413293317e-01 8.957144561167070806e-01 5.641466814056038857e+02
4.576890481030217450e-01 9.177544125381538187e-01 5.664251226857304573e+02
4.177678059883324635e-01 8.768759992460091190e-01 5.634778626039624214e+02
3.972109418313325424e-01 8.775931820612814516e-01 5.635570536479353905e+02
3.931979967340892279e-01 8.303676098246361992e-01 5.625234351009130478e+02
3.583232842747699487e-01 8.604371398111614333e-01 5.651499570459127426e+02
3.450789179369653237e-01 8.130020294201132369e-01 5.644117187932133675e+02
3.821982483820382526e-01 8.289386376717973182e-01 5.626840600371360779e+02
4.191994365232291631e-01 8.337311037566096372e-01 5.629811593666672707e+02
3.906404439329710931e-01 8.113265565575288329e-01 5.623425389677286148e+02
3.882749167725291772e-01 8.467259697768791948e-01 5.629017669260501862e+02
4.319206090410450116e-01 8.575592105881992833e-01 5.636964858397841454e+02
3.947227607074409450e-01 8.937125715688087890e-01 5.642474618777632713e+02
4.286361384760770665e-01 8.749705659834664528e-01 5.637557426691055298e+02
4.373676833416649257e-01 8.312378427933768688e-01 5.640108363553881645e+02
4.371274371938186909e-01 8.048386523948530824e-01 5.642616459503769875e+02
4.357156753447269382e-01 8.337706215154693234e-01 5.638820396959781647e+02
3.881883018873762414e-01 8.420227784011955485e-01 5.627985518500208855e+02
4.163242647037433963e-01 8.169403722723841410e-01 5.628635244145989418e+02
4.450089978449657813e-01 8.666590505050042470e-01 5.645993354842066765e+02
4.348024252108876331e-01 9.028912103544780576e-01 5.646214304864406586e+02
4.093671606256236162e-01 8.625802255339727331e-01 5.630664957165718079e+02
3.967786730955232266e-01 8.397837044983437194e-01 5.626408938616514206e+02
3.715031071425760056e-01 8.676671036636613987e-01 5.643964792564511299e+02
3.867143479639465475e-01 8.941357291216094350e-01 5.646417456120252609e+02
3.743898879424409909e-01 8.900543243679658323e-01 5.652671979069709778e+02
4.044321216029788668e-01 8.726075097062226948e-01 5.632971504554152489e+02
4.303545180936070302e-01 8.624302923466882209e-01 5.636609977856278419e+02
4.203452912382092954e-01 8.785954875319292867e-01 5.635678721219301224e+02
4.426266454244836557e-01 8.958003732409445252e-01 5.648414177000522614e+02
4.082919305891202222e-01 9.163852914031220820e-01 5.648595880791544914e+02
3.990816550890730618e-01 9.056179748675812213e-01 5.646193514540791512e+02
3.932514079699384046e-01 8.653240517388069986e-01 5.632691664695739746e+02
3.805859118247022499e-01 8.628398166076388653e-01 5.636595059856772423e+02
4.121083888858574906e-01 8.982759772852532132e-01 5.640596026033163071e+02
4.316505767284071760e-01 9.420782839362474848e-01 5.660355421304702759e+02
4.564940346491236922e-01 9.138287376399624184e-01 5.662262573242187500e+02
4.259537669898174617e-01 8.983756286141606484e-01 5.642049861252307892e+02
4.335376256675876339e-01 9.425439527694753350e-01 5.660941609740257263e+02
4.124551706525713124e-01 9.760547606252790720e-01 5.685020416304469109e+02
3.918388435521574786e-01 9.545847371336217968e-01 5.681221459731459618e+02
4.110476056936369638e-01 9.096346699835511362e-01 5.645107311680912971e+02
3.765321146994112245e-01 8.785266926537271814e-01 5.645352476537227631e+02
3.620890877931887686e-01 8.622297356553538794e-01 5.648948271647095680e+02
3.983110287297185192e-01 8.217481144926918057e-01 5.624349213168025017e+02
4.043736351497082548e-01 7.886861918306478092e-01 5.625818692743778229e+02
3.802189804664973805e-01 8.136841747019882831e-01 5.624905663579702377e+02
4.212316627467946883e-01 8.129059490352098516e-01 5.631105817556381226e+02
3.949738846367488732e-01 8.528172740184126743e-01 5.629089927747845650e+02
4.159713294502635494e-01 8.445016712692344774e-01 5.629326103404164314e+02
3.868328568874526696e-01 8.345014456795021296e-01 5.626775432154536247e+02
4.079914110618987344e-01 8.664758224992998858e-01 5.631405885219573975e+02
4.333856326487748878e-01 8.655113999890424736e-01 5.638474520891904831e+02
3.936416845983287671e-01 8.577238297831103475e-01 5.630508711636066437e+02
4.056299875974042068e-01 9.008812891931289313e-01 5.642337348237633705e+02
3.969442379365571982e-01 8.788230260126211890e-01 5.636049912199378014e+02
4.010369279364976447e-01 8.917790760330289723e-01 5.639735470563173294e+02
3.727972306900903532e-01 8.716078527227379968e-01 5.644790412634611130e+02
4.058243343503639133e-01 8.844406413377413623e-01 5.636350140869617462e+02
3.900610100930928525e-01 8.513426617947509323e-01 5.629693193510174751e+02
3.907395283509380590e-01 8.952381330635287293e-01 5.644860412329435349e+02
4.277550374477831485e-01 9.153337662568873379e-01 5.648056368380784988e+02
4.154972868579183687e-01 9.017371147902200068e-01 5.641786525174975395e+02
4.025473546743503217e-01 8.779829431313809218e-01 5.634706293344497681e+02
4.174319567267568143e-01 9.049714429550222983e-01 5.643003999665379524e+02
4.079868325452282729e-01 9.150388711681709530e-01 5.648029170781373978e+02
4.264059059465188373e-01 9.589780164153481889e-01 5.669444271177053452e+02
3.825547661701184099e-01 9.288838016922746910e-01 5.669864727631211281e+02
3.995378975157007351e-01 8.956615550058051323e-01 5.641674282625317574e+02
3.670901186802510985e-01 8.713780481503821118e-01 5.649067339748144150e+02
3.905722352957518573e-01 8.389565793549447204e-01 5.626913979426026344e+02
3.783193209046276650e-01 8.846581189366973241e-01 5.647034951299428940e+02
4.036084085993522086e-01 8.397014070377175621e-01 5.626515544950962067e+02
4.039357657679443769e-01 8.012264715901996626e-01 5.624928228557109833e+02
3.590926960346906838e-01 7.892399979303625912e-01 5.628956811055541039e+02
3.967744947236891973e-01 7.560108245654165726e-01 5.627509416043758392e+02
3.920141209797720072e-01 7.771331447938716330e-01 5.623693358227610588e+02
3.649133363595732371e-01 8.184403102588684309e-01 5.631566017717123032e+02
3.727287503717019446e-01 8.118927584790085472e-01 5.626786698549985886e+02
3.964453740643480995e-01 8.350331332702196629e-01 5.625716030970215797e+02
4.183100691757628553e-01 8.154050814157216553e-01 5.629553072676062584e+02
3.919394836870778720e-01 7.752825252427035796e-01 5.623824148699641228e+02
3.675689147198986095e-01 7.413307345302500018e-01 5.625587316900491714e+02
3.715681770606170664e-01 7.304801118293504647e-01 5.626838277652859688e+02
3.681609022070392867e-01 7.614279213846298910e-01 5.624401647970080376e+02
4.019500277269531519e-01 7.363601958935304115e-01 5.633916502073407173e+02
4.296577312238610835e-01 7.588188065598091558e-01 5.646474631428718567e+02
4.296950912772335429e-01 7.140327873366841827e-01 5.662379586398601532e+02
3.978439616230745601e-01 7.633983180153131043e-01 5.626677214205265045e+02
4.081257504208241627e-01 7.950889167077286324e-01 5.626593210548162460e+02
4.111802534976515267e-01 8.016907650633657845e-01 5.627272877916693687e+02
4.126967232626627125e-01 8.454390211912667930e-01 5.628571557328104973e+02
4.109847142173311818e-01 8.526431805194821800e-01 5.629150264486670494e+02
3.957727120222521155e-01 8.619564070392016220e-01 5.631202488988637924e+02
4.244313098317314403e-01 8.396479268514467353e-01 5.632248851507902145e+02
3.746844907110155054e-01 8.091402445688076206e-01 5.625731075853109360e+02
4.023003595514972330e-01 7.972288157555599275e-01 5.624662951007485390e+02
3.862008129783670585e-01 8.204109509741781547e-01 5.624674009755253792e+02
4.191050556207879807e-01 8.266310124092699496e-01 5.629671029075980186e+02
4.049125396626413464e-01 8.567483984562889177e-01 5.629288106262683868e+02
4.057135244013181374e-01 8.537976005789239542e-01 5.628773094639182091e+02
4.098297791397184087e-01 8.079058114470526464e-01 5.626470040008425713e+02
3.661360926868028054e-01 7.939154130277503718e-01 5.626596276238560677e+02
3.696499665326652972e-01 7.602280506965474194e-01 5.624212049394845963e+02
3.840850347770957129e-01 7.782783536947195380e-01 5.622860515564680099e+02
3.635262614886133337e-01 7.624619990668091152e-01 5.625350027754902840e+02
3.463944413427477165e-01 7.517808306135170815e-01 5.631291579082608223e+02
3.385994254277908677e-01 7.390654023823733931e-01 5.634617159590125084e+02
3.331062125370601312e-01 7.715131486408280947e-01 5.642885548695921898e+02
3.247346082299517600e-01 7.638467089812837063e-01 5.648614265695214272e+02
3.545651333857849918e-01 7.592082433227731464e-01 5.628107565492391586e+02
3.851661351406611700e-01 7.807635901348473073e-01 5.622816516906023026e+02
3.506612284336777519e-01 7.707430910763563014e-01 5.630783482789993286e+02
3.587500944315797358e-01 7.322354100409325106e-01 5.627460853159427643e+02
4.050441965441365921e-01 7.004561126279689187e-01 5.647257574945688248e+02
3.822244512821972862e-01 6.836141587489892313e-01 5.641021524965763092e+02
3.835466100545221191e-01 6.642575996182360498e-01 5.648922650665044785e+02
3.655561715769690689e-01 6.719862307616337738e-01 5.639726694077253342e+02
3.629129812541316835e-01 7.152606253292930205e-01 5.629119500145316124e+02
3.183995054515635359e-01 7.441345584889882403e-01 5.650251885131001472e+02
3.351507372673060980e-01 7.377260811490036208e-01 5.636523609384894371e+02
2.970195077959060237e-01 6.982991776541738194e-01 5.663502663820981979e+02
3.156584407120889280e-01 7.059215122232830320e-01 5.647754443436861038e+02
3.252501445716156625e-01 6.623176809653040786e-01 5.644838124364614487e+02
3.405786288303365716e-01 7.123039317936469272e-01 5.633818581774830818e+02
3.382608589052285009e-01 7.314244642226322979e-01 5.634496853351593018e+02
3.364115287765549467e-01 7.289231804918481217e-01 5.635397436618804932e+02
3.181324867854528060e-01 7.594489001910826875e-01 5.654077644050121307e+02
3.597469933972823330e-01 7.754689441500335345e-01 5.627130623310804367e+02
3.225048349497601219e-01 7.610036508413601242e-01 5.650064432471990585e+02
3.245653144048099015e-01 7.611755398257286087e-01 5.648137505352497101e+02
3.512208700459057975e-01 7.323608963110328496e-01 5.629231737628579140e+02
3.287046900162369778e-01 7.167084479463898816e-01 5.639428466111421585e+02
3.524236685626505050e-01 6.697545224588352664e-01 5.638830350115895271e+02
3.917549291960985558e-01 7.038420575741956009e-01 5.638433439582586288e+02
3.475722528062203942e-01 6.895562673886483918e-01 5.634747164174914360e+02
3.724907617088161760e-01 7.251438338870809241e-01 5.627754154652357101e+02
3.599794369584464748e-01 7.092712645956900097e-01 5.630203337743878365e+02
3.429752215893074330e-01 7.146326631248508532e-01 5.632820904552936554e+02
3.048756627467094082e-01 6.772459716674501529e-01 5.654969653487205505e+02
3.229703731094190067e-01 6.275836551531156493e-01 5.652743042260408401e+02
3.266377854205966824e-01 6.484751421982847264e-01 5.646959270462393761e+02
2.923605884158812507e-01 6.930234883545003388e-01 5.667605482563376427e+02
2.960655265709790651e-01 7.090544297414332897e-01 5.666309548243880272e+02
2.988825205533283125e-01 7.511716158781367447e-01 5.674509150534868240e+02
3.233532889371713015e-01 8.001948815266672899e-01 5.662226303219795227e+02
3.524708020374976991e-01 7.929252380543758694e-01 5.633202799111604691e+02
3.864969640338433154e-01 7.549501854083425778e-01 5.625028092861175537e+02
4.159722537096273154e-01 7.323750853532851046e-01 5.643705352023243904e+02
3.959511545200764537e-01 6.917171775519871391e-01 5.644852434918284416e+02
3.671503961118265380e-01 6.580387598447281494e-01 5.644841749295592308e+02
3.950373792104066029e-01 6.978839616099058452e-01 5.642101598978042603e+02
4.097795761573400641e-01 6.966672939261766562e-01 5.652157042846083641e+02
3.786083851527845545e-01 6.492380496473735274e-01 5.652789928168058395e+02
3.333064681597322498e-01 6.152980828677050429e-01 5.655301632210612297e+02
3.017411994161318112e-01 5.975183096098656277e-01 5.666705329567193985e+02
3.132927814159278679e-01 5.691712886447136688e-01 5.673146765902638435e+02
3.495380573292007909e-01 5.997706548377037539e-01 5.663709909841418266e+02
3.775639245063803773e-01 5.881301377178683731e-01 5.683302596211433411e+02
3.684771790212532094e-01 6.044501348942686869e-01 5.668914265483617783e+02
3.825314217368543379e-01 6.155074172994722259e-01 5.671335784792900085e+02
4.301115471622106723e-01 6.385309352647160486e-01 5.702321001365780830e+02
3.813844070503086270e-01 6.013196034370196230e-01 5.678353350907564163e+02
3.450875694306669295e-01 6.407553278774313910e-01 5.647048005610704422e+02
3.376767233927255862e-01 6.786540151638248419e-01 5.638508345410227776e+02
3.503905526666063475e-01 6.307252123407425248e-01 5.651083021610975266e+02
3.320324118682919656e-01 6.568608082440589024e-01 5.643895431980490685e+02
3.478029248969485288e-01 6.479255710256378586e-01 5.644920927062630653e+02
3.659517430239083713e-01 6.904040262983268672e-01 5.634524945616722107e+02
4.040596864421895362e-01 6.844712553529076482e-01 5.652999228909611702e+02
3.871962275255857455e-01 6.897931881116887709e-01 5.641024580895900726e+02
3.981218601209259855e-01 7.244607595535016431e-01 5.635245437994599342e+02
3.678594964143683810e-01 6.863629038092788903e-01 5.635915298908948898e+02
3.491999990133907161e-01 6.859607502370344001e-01 5.635219929888844490e+02
3.464426263941189910e-01 7.132505647640753343e-01 5.631849752962589264e+02
3.923108877794391214e-01 7.146984118626734661e-01 5.635360649824142456e+02
4.098740847825783629e-01 7.637375838304547582e-01 5.631700803712010384e+02
4.060339882261513877e-01 7.456325376962856799e-01 5.633686340972781181e+02
4.062121191536989251e-01 7.821087039561860355e-01 5.627141374126076698e+02
3.647925625356014390e-01 8.318292098121279343e-01 5.635245546847581863e+02
3.357537686073164829e-01 8.253928819077621659e-01 5.658608513996005058e+02
3.392774848322638870e-01 8.000283174810024489e-01 5.645114773884415627e+02
3.616960885256276237e-01 8.157989452686997822e-01 5.632727677822113037e+02
3.880523445483913814e-01 8.513125669914172189e-01 5.630202694386243820e+02
4.079578755999569428e-01 8.552198289175128032e-01 5.629181453734636307e+02
4.191972765623837582e-01 8.948960165916497456e-01 5.639768877327442169e+02
3.844838986716377360e-01 8.462843822766841217e-01 5.629983768612146378e+02
3.980416567217722190e-01 8.492316502802418343e-01 5.627997367009520531e+02
4.189239570019472336e-01 8.545062231783142614e-01 5.631231175065040588e+02
4.062768217849307417e-01 8.227722222618453207e-01 5.625523778796195984e+02
4.505709346251580705e-01 7.789158564216542846e-01 5.661331402882933617e+02
4.255332542495950388e-01 7.827292562390680830e-01 5.637578189224004745e+02
4.354410869868394762e-01 8.200714871012886320e-01 5.639476033821702003e+02
3.930106855085779283e-01 8.646388243337175261e-01 5.632550920397043228e+02
3.943297011471663116e-01 8.645914208026491687e-01 5.632222051620483398e+02
4.065126468187270081e-01 8.537762763895838658e-01 5.628818319812417030e+02
4.252530448143830299e-01 8.206336789972078494e-01 5.632837639451026917e+02
3.835688781794229230e-01 8.172117487522584378e-01 5.624691774770617485e+02
3.725132838544210068e-01 8.218232788680160938e-01 5.628719684928655624e+02
3.985117644878456433e-01 8.365646367138886985e-01 5.625896765962243080e+02
3.911975320588294003e-01 8.554734501985020723e-01 5.630466268584132195e+02
4.069824249223468748e-01 8.134758148037993797e-01 5.625509903654456139e+02
4.480243009345563077e-01 7.771429702351063673e-01 5.659027796983718872e+02
4.169749938896352148e-01 7.718549643849036412e-01 5.634088525772094727e+02
3.924247099113680193e-01 7.826531746943656831e-01 5.623400626555085182e+02
4.279223088470477943e-01 8.220461687964453201e-01 5.634309695959091187e+02
4.016292196213810950e-01 8.609175596138874953e-01 5.630231680423021317e+02
4.048225497691878561e-01 8.811717843293627173e-01 5.635421070158481598e+02
4.119555604091649226e-01 8.666808056119400527e-01 5.631743026897311211e+02
4.046417392760812137e-01 8.531159349925625524e-01 5.628604086935520172e+02
4.123077311751588425e-01 8.360424986510378575e-01 5.627657381519675255e+02
4.091340781931412374e-01 8.318076455668209634e-01 5.626612090691924095e+02
3.876372991740772989e-01 8.804097133761422667e-01 5.639908529892563820e+02
3.678884799783216364e-01 8.763287195752383907e-01 5.650852628871798515e+02
3.511919204398816219e-01 8.999822729850698311e-01 5.684366650879383087e+02
3.953989022701947520e-01 9.170442491662955664e-01 5.653595306500792503e+02
3.757422037133331671e-01 8.772932248465681315e-01 5.645321269184350967e+02
4.100588670250374101e-01 8.765691247911548967e-01 5.633911682441830635e+02
4.290461162273832008e-01 8.555117197665680351e-01 5.635334056764841080e+02
4.203411920698621462e-01 8.548537218376537350e-01 5.631717735975980759e+02
4.206852679072070611e-01 8.925615833587939862e-01 5.639290815070271492e+02
4.289526965210758713e-01 9.384059868634606616e-01 5.658147248178720474e+02
4.040575528998769927e-01 9.304030859733316561e-01 5.657225517630577087e+02
3.923135307915895376e-01 9.505186723559604367e-01 5.677644902169704437e+02
3.911451076004617278e-01 9.118251072047226513e-01 5.653011596724390984e+02
4.137454970597226889e-01 9.145681742624888200e-01 5.646932525485754013e+02
3.742562425816216565e-01 8.649682063141542754e-01 5.640975926592946053e+02
3.988597821616368666e-01 8.202499229068330733e-01 5.624289659261703491e+02
3.966228469121712563e-01 8.335113744167286232e-01 5.625505953580141068e+02
4.293351819121842272e-01 7.845413127425092670e-01 5.640008601620793343e+02
4.348664404270954353e-01 7.724506001609792172e-01 5.647315480783581734e+02
3.893369887147959396e-01 7.716114283396456885e-01 5.623705571666359901e+02
4.371185854873583243e-01 7.819232709413876936e-01 5.647008774057030678e+02
4.313245735405822900e-01 8.212309455820674398e-01 5.636504428833723068e+02
4.265365822250452577e-01 8.658557249279590362e-01 5.635334345176815987e+02
3.769262999185343799e-01 8.293616132585784895e-01 5.628605055361986160e+02
4.024147324244453650e-01 8.778848820614910675e-01 5.634693926870822906e+02
3.963652875411440846e-01 8.823562663763777625e-01 5.637444137781858444e+02
3.738775936730399652e-01 8.403178888277724745e-01 5.632681286260485649e+02
3.993727242672945321e-01 8.302808158942736050e-01 5.625166605859994888e+02
3.914387869579583068e-01 7.943528500677975446e-01 5.622931444793939590e+02
3.632523480742030908e-01 7.828655628184925108e-01 5.626464294940233231e+02
3.983905997673282129e-01 8.043730644276240183e-01 5.623713968172669411e+02
3.885776572793955830e-01 7.745095667411965312e-01 5.623384585529565811e+02
3.823279839868878871e-01 8.076897332222418013e-01 5.623839516714215279e+02
4.247860011709571060e-01 8.148454903385623505e-01 5.632913827076554298e+02
3.992466469300069987e-01 8.252196259276345369e-01 5.624685875251889229e+02
3.935778922630610022e-01 7.767898363824455865e-01 5.624004205390810966e+02
4.360564160818404256e-01 7.933308498045246182e-01 5.643685532957315445e+02
4.720310953756430838e-01 8.050614067582437805e-01 5.681269361153244972e+02
4.524355790046494241e-01 8.190457255191787578e-01 5.654648798033595085e+02
4.131835718823011483e-01 8.208453516666328609e-01 5.627394922152161598e+02
3.860478708395329583e-01 8.011226756493315948e-01 5.622999232113361359e+02
3.807802343789541411e-01 7.864220204402729841e-01 5.622858487889170647e+02
4.218613541018885749e-01 7.666107705349836099e-01 5.638402522727847099e+02
3.871098069969490796e-01 7.889893588532409519e-01 5.622733943015336990e+02
3.505899294534773336e-01 7.935295130186568180e-01 5.634526880308985710e+02
3.381838161304555612e-01 8.406296957354401078e-01 5.663253829404711723e+02
3.314522703263786396e-01 7.945826567129566920e-01 5.650935702845454216e+02
2.851184338547878561e-01 7.488195248083249211e-01 5.693826951980590820e+02
2.496586385871106539e-01 7.489967471603211635e-01 5.763257824853062630e+02
2.802345393214308866e-01 7.064862687120969653e-01 5.685341550558805466e+02
3.041512710130352959e-01 7.303476575922625003e-01 5.661865921765565872e+02
3.014725859210182768e-01 7.505394155343778628e-01 5.670859614089131355e+02
3.438316761586664994e-01 7.750532578111773985e-01 5.635461423620581627e+02
3.268564636565704506e-01 8.080948358832265033e-01 5.661364777311682701e+02
3.566135977665600421e-01 8.347227494944541304e-01 5.642022630348801613e+02
3.606452688020275743e-01 7.855280329299976216e-01 5.627772914394736290e+02
3.917048852249930824e-01 7.882628349352212016e-01 5.623066086396574974e+02
3.567579992308873016e-01 8.181387695693195239e-01 5.636496768444776535e+02
3.557971785796754105e-01 8.029649535080041201e-01 5.633261680901050568e+02
3.454706086959694056e-01 7.611875062104979106e-01 5.632544357553124428e+02
3.930772527405161920e-01 7.270625066375665524e-01 5.632315257862210274e+02
3.818043148056323166e-01 7.301090190754695453e-01 5.628199163824319839e+02
3.375016181195505949e-01 7.551200808475746484e-01 5.636716669276356697e+02
3.382630664241703666e-01 7.705543947606757760e-01 5.638590577840805054e+02
3.465792950587395227e-01 7.379263293095260634e-01 5.630765131264925003e+02
3.002468983849797546e-01 7.157143604007130122e-01 5.663022819086909294e+02
3.215148010772487241e-01 7.053819375672437664e-01 5.643646611645817757e+02
2.739745512067830457e-01 7.519669691225461250e-01 5.714601527079939842e+02
2.992090214044872964e-01 7.540674396914408550e-01 5.675136913806200027e+02
3.420363834934104230e-01 7.076118375566844421e-01 5.633656409308314323e+02
3.615903023356413226e-01 7.515154712666645143e-01 5.625886534973978996e+02
3.947842431016706510e-01 7.670941144610138318e-01 5.625278732553124428e+02
3.978123626955378245e-01 7.360805765528897204e-01 5.632050007209181786e+02
3.659526088350475437e-01 7.533614361178652130e-01 5.624991107583045959e+02
3.961562075069166577e-01 7.947109476305058706e-01 5.623483489081263542e+02
3.831904127732492782e-01 7.803975065869344085e-01 5.622791533172130585e+02
3.832565270396831592e-01 7.726432358057057082e-01 5.623068482875823975e+02
4.248354507492421717e-01 7.979156352441100220e-01 5.634657125398516655e+02
4.210055961172082251e-01 8.011418867482804629e-01 5.631980133205652237e+02
3.804423223954391253e-01 8.410889707603959042e-01 5.630061346217989922e+02
3.629709691622308720e-01 8.139645192687591235e-01 5.631572000905871391e+02
3.722203449971963618e-01 8.484491715445654503e-01 5.636094410046935081e+02
4.012563091714622665e-01 8.239199995890621464e-01 5.624772684350609779e+02
3.826488790493331460e-01 8.643527299564903732e-01 5.636146345213055611e+02
3.992116464457546310e-01 8.612583123982949784e-01 5.630520593672990799e+02
4.275491572627563852e-01 8.835217449381824739e-01 5.638780412524938583e+02
4.191991145491589799e-01 8.463576009812215917e-01 5.630506128296256065e+02
4.163265586061145607e-01 8.945755150685630319e-01 5.639399178922176361e+02
4.076539452803900621e-01 8.484330426128109393e-01 5.628081837296485901e+02
4.095856347407324516e-01 8.318009183408751062e-01 5.626713446676731110e+02
3.838776247896111271e-01 8.790062031227792172e-01 5.641166989356279373e+02
3.955040337198864053e-01 8.656618227157639733e-01 5.632272265851497650e+02
3.914262853457206592e-01 8.457605631079447850e-01 5.628126708716154099e+02
4.097796918100753971e-01 8.715646025594934176e-01 5.632652959823608398e+02
4.459542394177651858e-01 8.253976104931552982e-01 5.647579731345176697e+02
4.320135638102918785e-01 8.377009350607222959e-01 5.636320076510310173e+02
4.236160090959170677e-01 8.214367129359539943e-01 5.631915955320000648e+02
3.855206589880391110e-01 7.962523082341264047e-01 5.622830360680818558e+02
4.253677185346714795e-01 8.214331076565503098e-01 5.632863922566175461e+02
4.545743301651823942e-01 8.126029880828060659e-01 5.657963793724775314e+02
4.517301319634843826e-01 7.958461015204862932e-01 5.658276707604527473e+02
4.601194001064939920e-01 7.472728410000529786e-01 5.684072714522480965e+02
4.630543541780566819e-01 7.927743085720114768e-01 5.672460696473717690e+02
4.375559849626185493e-01 7.492441839539407678e-01 5.656794921159744263e+02
4.265523544786322674e-01 7.448947829226100215e-01 5.648037548363208771e+02
4.001405531572659879e-01 7.908543984988802844e-01 5.624451753124594688e+02
4.059930873209306457e-01 8.069413247257316568e-01 5.625318529605865479e+02
3.880521412336768172e-01 8.533804041121112460e-01 5.630744151175022125e+02
3.764906293150266925e-01 8.965119163629423626e-01 5.654537191390991211e+02
4.197727861016135043e-01 8.645470923308249400e-01 5.632867145389318466e+02
4.089830373499608318e-01 8.327668941016714843e-01 5.626643427461385727e+02
3.872213222685719769e-01 8.391486937173513461e-01 5.627601549327373505e+02
3.846652251052075089e-01 8.732488089119400110e-01 5.638471260145306587e+02
3.738386892326647226e-01 8.828284331280180641e-01 5.649352130815386772e+02
3.904148598990470620e-01 8.573460484020132277e-01 5.631160282120108604e+02
3.851058124709492714e-01 8.771828156413543631e-01 5.639801914542913437e+02
3.900790793345589313e-01 8.556707217751351457e-01 5.630797260329127312e+02
3.541882544752519846e-01 8.197084219783656867e-01 5.638821257948875427e+02
3.676528708365565112e-01 8.584521415485827367e-01 5.642821056470274925e+02
3.679599134374437752e-01 8.760360696130568003e-01 5.650644687786698341e+02
4.115949058616629741e-01 8.780702631651858825e-01 5.634361582994461060e+02
4.260320698827097519e-01 8.299940517226265246e-01 5.632969273403286934e+02
3.896392947099696635e-01 8.189364630335028705e-01 5.624122519344091415e+02
4.260449731692214081e-01 8.546887191638509185e-01 5.633877990022301674e+02
3.806418872340696646e-01 8.694803135489588275e-01 5.639036364406347275e+02
3.720040567290065492e-01 8.389856281757358536e-01 5.633246850743889809e+02
3.914324647561976400e-01 8.664380195494953973e-01 5.633524535372853279e+02
3.995026052884081968e-01 8.707809206573046135e-01 5.633007941693067551e+02
3.727881038943725023e-01 8.951094369246784810e-01 5.656812468171119690e+02
4.039902055571484296e-01 9.043429537675892194e-01 5.644143328368663788e+02
3.988848680922708057e-01 8.561125662001700665e-01 5.629357809871435165e+02
4.225856044180529847e-01 8.386037021627332777e-01 5.631378729119896889e+02
4.269880319908790911e-01 8.395538391260128908e-01 5.633501457422971725e+02
4.092873819215703257e-01 8.509060708796414296e-01 5.628645498529076576e+02
3.839692288192962932e-01 8.160285703866873019e-01 5.624475853443145752e+02
3.669879452794774788e-01 7.876815586077753339e-01 5.625629068687558174e+02
3.682557204901016346e-01 7.698623488293070416e-01 5.624360040649771690e+02
4.106272387678906455e-01 7.978478457515857380e-01 5.627329313233494759e+02
3.861068714448150363e-01 7.708886455004648752e-01 5.623367873653769493e+02
3.920092928304377278e-01 7.866648345965986389e-01 5.623156565129756927e+02
3.477196498622658893e-01 7.389130829329544348e-01 5.630311800837516785e+02
3.666050517739017911e-01 7.323825346949189852e-01 5.626586643680930138e+02
3.444024753211041290e-01 7.532368880556306046e-01 5.632405645400285721e+02
3.275069543498507207e-01 7.897462237797880924e-01 5.653423119410872459e+02
3.089133088960441254e-01 7.703008726016878915e-01 5.668382245227694511e+02
3.139865226751950011e-01 8.062569931272363100e-01 5.677718381285667419e+02
3.553662008445331866e-01 7.969240638619543571e-01 5.632248444557189941e+02
3.950718894827794370e-01 7.918052149310674803e-01 5.623399328142404556e+02
3.785466807891486596e-01 8.165871489679716877e-01 5.625725903734564781e+02
3.701941626764780335e-01 7.853036774063880676e-01 5.624520869702100754e+02
4.048083561379474116e-01 8.287520255018065996e-01 5.625588386207818985e+02
4.400272602155497204e-01 8.059725847288046197e-01 5.644882247820496559e+02
4.220151011253807649e-01 7.960400249243586579e-01 5.633164596185088158e+02
4.067288643463234377e-01 8.439611678747502843e-01 5.627366950064897537e+02
3.877896250263392908e-01 8.892051797694577875e-01 5.643566485792398453e+02
4.058102179184205349e-01 8.476247106189631619e-01 5.627778134495019913e+02
4.133385402336352543e-01 8.404297650967648137e-01 5.628255127593874931e+02
3.926611298797092475e-01 8.083145090654731968e-01 5.623271250426769257e+02
3.638752834104951872e-01 8.521235900931217744e-01 5.643054585680365562e+02
3.781110520019459464e-01 8.274757509923886811e-01 5.627789503186941147e+02
3.658544496976370852e-01 7.891995472086287267e-01 5.626160543262958527e+02
3.510035890311489770e-01 7.608729220074111899e-01 5.629707000479102135e+02
3.985766214323724910e-01 7.985604160710674249e-01 5.623804520592093468e+02
3.561910446738895120e-01 7.494307852328927488e-01 5.627344468310475349e+02
3.841468532788391843e-01 7.445967808193468818e-01 5.626096503511071205e+02
4.040819118626247652e-01 7.930638160460854458e-01 5.625391763523221016e+02
4.166601129473099796e-01 8.044712957152925226e-01 5.629433494359254837e+02
3.733609394408763382e-01 8.365083660859813364e-01 5.631869409605860710e+02
4.191332574753461326e-01 8.612001765726662317e-01 5.632178899347782135e+02
4.155907954086622280e-01 8.833592496857916032e-01 5.636062473431229591e+02
4.360815390212209874e-01 8.845797038911453747e-01 5.642616358399391174e+02
4.215379417498544279e-01 8.787923035437056329e-01 5.636000050008296967e+02
4.328909579604164337e-01 8.771553644722542842e-01 5.639778278321027756e+02
4.439932955242850143e-01 8.325918172401169937e-01 5.645246222615242004e+02
4.048984149647484321e-01 8.597705232761838623e-01 5.629894153475761414e+02
4.118939347574636645e-01 8.791269666411442030e-01 5.634653632044792175e+02
4.086760950693198446e-01 8.439395510629587038e-01 5.627634110599756241e+02
3.700206254076524592e-01 8.015586535170361460e-01 5.626188442334532738e+02
4.105135953068274057e-01 7.749553508424098514e-01 5.630012857839465141e+02
3.765451307102677392e-01 7.610546789731396089e-01 5.623654318526387215e+02
3.618178394716580759e-01 7.184383595750876150e-01 5.628675126433372498e+02
3.532462947055429181e-01 7.645976487812857769e-01 5.628969077914953232e+02
3.702580827715702960e-01 7.171699247438489966e-01 5.629007355123758316e+02
3.560454936486878719e-01 7.192790588239837968e-01 5.629168750494718552e+02
3.709397903183874190e-01 6.932444950005857143e-01 5.634613418430089951e+02
3.467058915720527268e-01 6.800301939569542986e-01 5.636666545644402504e+02
3.956261620131813483e-01 6.884948492873794734e-01 5.645882433652877808e+02
3.540813243561217183e-01 7.004878466844077778e-01 5.632088159173727036e+02
3.602117062411902548e-01 6.800594854263746214e-01 5.636568965017795563e+02
3.718357785348548328e-01 7.243210771216551658e-01 5.627843309119343758e+02
3.656637893017974927e-01 7.425398755628569436e-01 5.625659955367445946e+02
3.973445004890832633e-01 7.163667310084365081e-01 5.637234085574746132e+02
3.566073089067137714e-01 7.592375705901721616e-01 5.627355707809329033e+02
3.469165643429580892e-01 7.427843504930605745e-01 5.630686677172780037e+02
3.958334759338963393e-01 7.196658035047304169e-01 5.635518558248877525e+02
3.875778541432369773e-01 7.122776500516898590e-01 5.634135053679347038e+02
3.675742320765649218e-01 6.903988166597194720e-01 5.634767963066697121e+02
3.331702349291624787e-01 7.160049135984989377e-01 5.636959053799510002e+02
3.376162933533067845e-01 7.554580736275211539e-01 5.636683134213089943e+02
3.764247686197987885e-01 7.066576095916660138e-01 5.632282556220889091e+02
3.869901075939743973e-01 6.862621340177366136e-01 5.642172135561704636e+02
3.976065575180044442e-01 7.317260248712849080e-01 5.633047036901116371e+02
4.020556172718552923e-01 7.645529965741050260e-01 5.628000181615352631e+02
4.034641232417303658e-01 7.726101201635116045e-01 5.627316746488213539e+02
3.841823463101120550e-01 7.509256570587702351e-01 5.625179655700922012e+02
3.403668129726643565e-01 7.702074261190778870e-01 5.637005289345979691e+02
3.863794165012696125e-01 7.698658873398975810e-01 5.623470081984996796e+02
3.420821678535401200e-01 7.824218998547904924e-01 5.638129639849066734e+02
3.856357430968606614e-01 7.930223527506186088e-01 5.622749620899558067e+02
3.939882531830564694e-01 7.563739559617876917e-01 5.626571518480777740e+02
3.781397952193629175e-01 7.306541844532414842e-01 5.627441872879862785e+02
3.482178875986325362e-01 7.593602215854619031e-01 5.630925073996186256e+02
3.756718874093847305e-01 7.317340614373000207e-01 5.626945520564913750e+02
3.839772281924350716e-01 7.244038915700262704e-01 5.629920084401965141e+02
3.455854200953244471e-01 6.939538694110587436e-01 5.634361176863312721e+02
3.588362742724788279e-01 6.751344855447934945e-01 5.637769017964601517e+02
3.683556619084955019e-01 6.295750280369375451e-01 5.656794093698263168e+02
3.732845020022285687e-01 6.378203152732223602e-01 5.655276540443301201e+02
3.481628490257067110e-01 6.653591934197549129e-01 5.639965762868523598e+02
3.976308174808896867e-01 7.071700688585884631e-01 5.640321560874581337e+02
3.755403705267316150e-01 7.356539815642590963e-01 5.626319367513060570e+02
4.039861352429318098e-01 7.544963319728150708e-01 5.630679471939802170e+02
3.631718824091078601e-01 7.742986532915795417e-01 5.625845864191651344e+02
3.550932567206303014e-01 7.545959080073023628e-01 5.627757184132933617e+02
3.208577784576427394e-01 7.872630443786265975e-01 5.660029790997505188e+02
3.137819047525587379e-01 7.494062540529912164e-01 5.656043883413076401e+02
3.271285445734269381e-01 7.678198618057162639e-01 5.647332421839237213e+02
3.435044506975031831e-01 7.913159394553238579e-01 5.639100240990519524e+02
3.743921554267117813e-01 8.059736580811025508e-01 5.625389270037412643e+02
4.105565058685177182e-01 8.435251281638495024e-01 5.627917285412549973e+02
