7.613100175186991692e+02
7.563148611485958099e+02
7.563148611485958099e+02
7.563148611485958099e+02
7.563148611485958099e+02
7.326432313546538353e+02
7.311658246666193008e+02
7.311658246666193008e+02
7.140509227439761162e+02
7.052604215741157532e+02
7.052604215741157532e+02
6.889450033456087112e+02
6.837884857729077339e+02
6.837884857729077339e+02
6.837884857729077339e+02
6.837884857729077339e+02
6.837884857729077339e+02
6.749665504842996597e+02
6.637710329145193100e+02
6.547627293318510056e+02
6.588089081794023514e+02
6.608989682644605637e+02
6.608989682644605637e+02
6.608989682644605637e+02
6.608989682644605637e+02
6.621099552363157272e+02
6.621099552363157272e+02
6.482263725921511650e+02
6.482263725921511650e+02
6.482263725921511650e+02
6.481088439524173737e+02
6.481088439524173737e+02
6.377234657108783722e+02
6.355410358384251595e+02
6.355410358384251595e+02
6.323838380277156830e+02
6.296607725918292999e+02
6.277223977595567703e+02
6.200607872232794762e+02
6.200607872232794762e+02
6.140325477868318558e+02
6.092188625782728195e+02
6.077849349528551102e+02
6.077849349528551102e+02
6.078485209420323372e+02
6.078485209420323372e+02
6.037386498451232910e+02
5.984833290949463844e+02
5.904057790935039520e+02
5.904057790935039520e+02
5.908497358262538910e+02
5.908497358262538910e+02
5.908497358262538910e+02
5.908497358262538910e+02
5.908497358262538910e+02
5.895028527230024338e+02
5.895028527230024338e+02
5.895028527230024338e+02
5.854035031870007515e+02
5.854035031870007515e+02
5.804350084364414215e+02
5.781268589720129967e+02
5.781268589720129967e+02
5.763562398850917816e+02
5.763562398850917816e+02
5.763562398850917816e+02
5.763562398850917816e+02
5.763562398850917816e+02
5.763562398850917816e+02
5.770599460825324059e+02
5.770599460825324059e+02
5.770599460825324059e+02
5.786184405311942101e+02
5.754730278030037880e+02
5.754730278030037880e+02
5.754741441532969475e+02
5.736329233422875404e+02
5.741970067843794823e+02
5.742137841507792473e+02
5.742137841507792473e+02
5.729902161583304405e+02
5.715926028490066528e+02
5.715926028490066528e+02
5.715926028490066528e+02
5.737642090544104576e+02
5.741750165671110153e+02
5.741750165671110153e+02
5.741750165671110153e+02
5.721311923637986183e+02
5.721311923637986183e+02
5.731395924389362335e+02
5.748345484137535095e+02
5.716522408947348595e+02
5.716522408947348595e+02
5.699346903786063194e+02
5.680577403679490089e+02
5.680577403679490089e+02
5.680577403679490089e+02
5.680577403679490089e+02
5.680577403679490089e+02
5.680577403679490089e+02
5.696254476979374886e+02
5.679080418050289154e+02
5.676315003857016563e+02
5.676315003857016563e+02
5.670143296122550964e+02
5.679271249920129776e+02
5.646166404709219933e+02
5.646166404709219933e+02
5.667904032617807388e+02
5.655833263099193573e+02
5.651249403059482574e+02
5.651249403059482574e+02
5.673539507314562798e+02
5.673539507314562798e+02
5.643755321502685547e+02
5.645742774605751038e+02
5.635360807031393051e+02
5.635360807031393051e+02
5.636286043375730515e+02
5.649885369986295700e+02
5.648594347536563873e+02
5.655099857896566391e+02
5.655099857896566391e+02
5.655099857896566391e+02
5.650960418879985809e+02
5.627114601731300354e+02
5.637089407444000244e+02
5.632887258455157280e+02
5.630761293247342110e+02
5.628576753884553909e+02
5.630034824386239052e+02
5.630034824386239052e+02
5.629841561466455460e+02
5.629841561466455460e+02
5.631931438148021698e+02
5.631931438148021698e+02
5.631931438148021698e+02
5.626902906000614166e+02
5.624135847836732864e+02
5.635628660991787910e+02
5.628946468755602837e+02
5.633852610439062119e+02
5.648973313346505165e+02
5.625334823504090309e+02
5.625334823504090309e+02
5.631124967262148857e+02
5.659722559824585915e+02
5.659722559824585915e+02
5.664739343076944351e+02
5.653108009397983551e+02
5.653108009397983551e+02
5.637556706443428993e+02
5.635735568404197693e+02
5.636288679763674736e+02
5.631614984497427940e+02
5.627331620454788208e+02
5.627331620454788208e+02
5.627331620454788208e+02
5.634002941101789474e+02
5.627170418947935104e+02
5.627170418947935104e+02
5.632394831925630569e+02
5.637179774940013885e+02
5.637179774940013885e+02
5.640800713151693344e+02
5.640159963369369507e+02
5.629772636517882347e+02
5.629772636517882347e+02
5.629772636517882347e+02
5.629772636517882347e+02
5.629772636517882347e+02
5.629772636517882347e+02
5.645821200385689735e+02
5.645821200385689735e+02
5.645072887614369392e+02
5.630530549362301826e+02
5.632587918266654015e+02
5.632587918266654015e+02
5.624228866174817085e+02
5.624228866174817085e+02
5.627394928857684135e+02
5.649138261601328850e+02
5.627545956596732140e+02
5.630668820589780807e+02
5.637531899809837341e+02
5.635011149421334267e+02
5.625350607931613922e+02
5.628184056282043457e+02
5.628184056282043457e+02
5.630535713881254196e+02
5.632812986746430397e+02
5.624112702608108521e+02
5.624112702608108521e+02
5.628789290860295296e+02
5.634722935780882835e+02
5.623045880421996117e+02
5.638799939230084419e+02
5.628120449781417847e+02
5.636898412257432938e+02
5.663845887109637260e+02
5.629525515437126160e+02
5.626162349358201027e+02
5.626162349358201027e+02
5.625091859400272369e+02
5.623097951039671898e+02
5.623523279279470444e+02
5.623975391834974289e+02
5.623902018889784813e+02
5.623495156317949295e+02
5.623495156317949295e+02
5.623495156317949295e+02
5.647106063961982727e+02
5.665823222547769547e+02
5.666593099460005760e+02
5.644818580448627472e+02
5.651661315709352493e+02
5.628200553283095360e+02
5.626450168862938881e+02
5.623979497328400612e+02
5.623979497328400612e+02
5.625690525248646736e+02
5.623408627212047577e+02
5.623408627212047577e+02
5.623408627212047577e+02
5.630790574848651886e+02
5.641942976266145706e+02
5.632388577610254288e+02
5.634465272724628448e+02
5.635043466612696648e+02
5.635043466612696648e+02
5.628929071351885796e+02
5.628978563696146011e+02
5.626977037042379379e+02
5.623462752401828766e+02
5.628128586336970329e+02
5.630387718826532364e+02
5.630387718826532364e+02
5.635290068536996841e+02
5.635290068536996841e+02
5.632664282917976379e+02
5.632664282917976379e+02
5.632664282917976379e+02
5.636393770202994347e+02
5.626737776175141335e+02
5.623806408569216728e+02
5.623806408569216728e+02
5.626470177695155144e+02
5.626470177695155144e+02
5.629854564964771271e+02
5.631029880940914154e+02
5.623835184797644615e+02
5.623835184797644615e+02
5.623725690692663193e+02
5.629410505965352058e+02
5.629410505965352058e+02
5.630874328166246414e+02
5.638126315623521805e+02
5.639169107973575592e+02
5.639169107973575592e+02
5.624425351545214653e+02
5.623048196509480476e+02
5.623074028417468071e+02
5.623074028417468071e+02
5.625884344503283501e+02
5.625884344503283501e+02
5.637364481315016747e+02
5.623051293641328812e+02
5.623315121456980705e+02
5.623780591487884521e+02
5.629118848815560341e+02
5.631287693083286285e+02
5.629547452554106712e+02
5.629547452554106712e+02
5.629547452554106712e+02
5.635674847513437271e+02
5.635674847513437271e+02
5.632246683835983276e+02
5.631040632501244545e+02
5.623883611187338829e+02
5.632292984724044800e+02
5.634046644121408463e+02
5.625993310287594795e+02
5.627360627427697182e+02
5.634813905060291290e+02
5.660425790846347809e+02
5.672597805112600327e+02
5.672597805112600327e+02
5.644974108114838600e+02
5.625114816427230835e+02
5.625114816427230835e+02
5.625114816427230835e+02
5.622800736129283905e+02
5.622800736129283905e+02
5.622800736129283905e+02
5.623322878479957581e+02
5.624320261776447296e+02
5.624320261776447296e+02
5.624320261776447296e+02
5.631183145567774773e+02
5.631183145567774773e+02
5.645786957591772079e+02
5.637264175787568092e+02
5.635718607977032661e+02
5.636719991043210030e+02
5.636719991043210030e+02
5.623509933575987816e+02
5.639837103486061096e+02
5.639837103486061096e+02
5.624163478910923004e+02
5.624163478910923004e+02
5.624163478910923004e+02
5.629056760296225548e+02
5.637702433764934540e+02
5.637702433764934540e+02
5.637702433764934540e+02
5.640811284929513931e+02
5.640811284929513931e+02
5.680574157685041428e+02
5.657156659439206123e+02
5.684936066940426826e+02
5.684936066940426826e+02
5.656940642818808556e+02
5.656940642818808556e+02
5.656940642818808556e+02
5.656940642818808556e+02
5.656940642818808556e+02
5.656766319125890732e+02
5.656766319125890732e+02
5.630173060670495033e+02
5.636440741345286369e+02
5.674357383251190186e+02
5.639252151772379875e+02
5.649881204888224602e+02
5.659496577158570290e+02
5.659496577158570290e+02
5.677016817703843117e+02
5.664547282755374908e+02
5.668581034839153290e+02
5.650409688279032707e+02
5.650409688279032707e+02
5.649488340243697166e+02
5.649488340243697166e+02
5.662718791514635086e+02
5.662718791514635086e+02
5.662718791514635086e+02
5.675930497199296951e+02
5.641466814056038857e+02
5.664251226857304573e+02
5.664251226857304573e+02
5.664251226857304573e+02
5.634778626039624214e+02
5.635570536479353905e+02
5.625234351009130478e+02
5.651499570459127426e+02
5.644117187932133675e+02
5.644117187932133675e+02
5.626840600371360779e+02
5.629811593666672707e+02
5.623425389677286148e+02
5.629017669260501862e+02
5.629017669260501862e+02
5.636964858397841454e+02
5.642474618777632713e+02
5.642474618777632713e+02
5.637557426691055298e+02
5.637557426691055298e+02
5.637557426691055298e+02
5.637557426691055298e+02
5.640108363553881645e+02
5.640108363553881645e+02
5.642616459503769875e+02
5.638820396959781647e+02
5.627985518500208855e+02
5.628635244145989418e+02
5.628635244145989418e+02
5.645993354842066765e+02
5.646214304864406586e+02
5.630664957165718079e+02
5.626408938616514206e+02
5.626408938616514206e+02
5.643964792564511299e+02
5.643964792564511299e+02
5.646417456120252609e+02
5.646417456120252609e+02
5.646417456120252609e+02
5.652671979069709778e+02
5.632971504554152489e+02
5.636609977856278419e+02
5.635678721219301224e+02
5.648414177000522614e+02
5.648595880791544914e+02
5.648595880791544914e+02
5.646193514540791512e+02
5.632691664695739746e+02
5.632691664695739746e+02
5.636595059856772423e+02
5.636595059856772423e+02
5.640596026033163071e+02
5.660355421304702759e+02
5.662262573242187500e+02
5.662262573242187500e+02
5.642049861252307892e+02
5.642049861252307892e+02
5.660941609740257263e+02
5.685020416304469109e+02
5.685020416304469109e+02
5.681221459731459618e+02
5.645107311680912971e+02
5.645107311680912971e+02
5.645107311680912971e+02
5.645107311680912971e+02
5.645107311680912971e+02
5.645107311680912971e+02
5.645107311680912971e+02
5.645352476537227631e+02
5.648948271647095680e+02
5.624349213168025017e+02
5.625818692743778229e+02
5.624905663579702377e+02
5.631105817556381226e+02
5.629089927747845650e+02
5.629089927747845650e+02
5.629089927747845650e+02
5.629326103404164314e+02
5.626775432154536247e+02
5.631405885219573975e+02
5.631405885219573975e+02
5.631405885219573975e+02
5.631405885219573975e+02
5.638474520891904831e+02
5.638474520891904831e+02
5.638474520891904831e+02
5.630508711636066437e+02
5.642337348237633705e+02
5.642337348237633705e+02
5.636049912199378014e+02
5.636049912199378014e+02
5.636049912199378014e+02
5.636049912199378014e+02
5.636049912199378014e+02
5.639735470563173294e+02
5.644790412634611130e+02
5.644790412634611130e+02
5.636350140869617462e+02
5.636350140869617462e+02
5.636350140869617462e+02
5.629693193510174751e+02
5.644860412329435349e+02
5.648056368380784988e+02
5.641786525174975395e+02
5.634706293344497681e+02
5.643003999665379524e+02
5.648029170781373978e+02
5.669444271177053452e+02
5.669864727631211281e+02
5.669864727631211281e+02
5.641674282625317574e+02
5.649067339748144150e+02
5.626913979426026344e+02
5.647034951299428940e+02
5.626515544950962067e+02
5.626515544950962067e+02
5.624928228557109833e+02
5.628956811055541039e+02
5.627509416043758392e+02
5.627509416043758392e+02
5.623693358227610588e+02
5.623693358227610588e+02
5.631566017717123032e+02
5.631566017717123032e+02
5.631566017717123032e+02
5.631566017717123032e+02
5.626786698549985886e+02
5.625716030970215797e+02
5.629553072676062584e+02
5.623824148699641228e+02
5.623824148699641228e+02
5.625587316900491714e+02
5.626838277652859688e+02
5.624401647970080376e+02
5.624401647970080376e+02
5.633916502073407173e+02
5.646474631428718567e+02
5.662379586398601532e+02
5.626677214205265045e+02
5.626593210548162460e+02
5.627272877916693687e+02
5.627272877916693687e+02
5.627272877916693687e+02
5.628571557328104973e+02
5.629150264486670494e+02
5.631202488988637924e+02
5.632248851507902145e+02
5.632248851507902145e+02
5.625731075853109360e+02
5.625731075853109360e+02
5.624662951007485390e+02
5.624674009755253792e+02
5.624674009755253792e+02
5.629671029075980186e+02
5.629288106262683868e+02
5.628773094639182091e+02
5.626470040008425713e+02
5.626596276238560677e+02
5.626596276238560677e+02
5.624212049394845963e+02
5.622860515564680099e+02
5.625350027754902840e+02
5.631291579082608223e+02
5.634617159590125084e+02
5.642885548695921898e+02
5.648614265695214272e+02
5.628107565492391586e+02
5.622816516906023026e+02
5.630783482789993286e+02
5.630783482789993286e+02
5.627460853159427643e+02
5.647257574945688248e+02
5.641021524965763092e+02
5.641021524965763092e+02
5.648922650665044785e+02
5.639726694077253342e+02
5.629119500145316124e+02
5.629119500145316124e+02
5.650251885131001472e+02
5.636523609384894371e+02
5.663502663820981979e+02
5.663502663820981979e+02
5.647754443436861038e+02
5.644838124364614487e+02
5.633818581774830818e+02
5.634496853351593018e+02
5.635397436618804932e+02
5.654077644050121307e+02
5.627130623310804367e+02
5.650064432471990585e+02
5.648137505352497101e+02
5.648137505352497101e+02
5.629231737628579140e+02
5.639428466111421585e+02
5.638830350115895271e+02
5.638433439582586288e+02
5.638433439582586288e+02
5.634747164174914360e+02
5.627754154652357101e+02
5.630203337743878365e+02
5.630203337743878365e+02
5.630203337743878365e+02
5.630203337743878365e+02
5.632820904552936554e+02
5.654969653487205505e+02
5.652743042260408401e+02
5.652743042260408401e+02
5.652743042260408401e+02
5.646959270462393761e+02
5.646959270462393761e+02
5.646959270462393761e+02
5.667605482563376427e+02
5.667605482563376427e+02
5.666309548243880272e+02
5.674509150534868240e+02
5.662226303219795227e+02
5.662226303219795227e+02
5.662226303219795227e+02
5.662226303219795227e+02
5.633202799111604691e+02
5.625028092861175537e+02
5.625028092861175537e+02
5.643705352023243904e+02
5.644852434918284416e+02
5.644841749295592308e+02
5.642101598978042603e+02
5.642101598978042603e+02
5.642101598978042603e+02
5.652157042846083641e+02
5.652157042846083641e+02
5.652789928168058395e+02
5.652789928168058395e+02
5.652789928168058395e+02
5.655301632210612297e+02
5.666705329567193985e+02
5.673146765902638435e+02
5.663709909841418266e+02
5.683302596211433411e+02
5.668914265483617783e+02
5.671335784792900085e+02
5.702321001365780830e+02
5.678353350907564163e+02
5.647048005610704422e+02
5.638508345410227776e+02
5.651083021610975266e+02
5.651083021610975266e+02
5.651083021610975266e+02
5.643895431980490685e+02
5.644920927062630653e+02
5.634524945616722107e+02
5.652999228909611702e+02
5.652999228909611702e+02
5.641024580895900726e+02
5.641024580895900726e+02
5.641024580895900726e+02
5.641024580895900726e+02
5.635245437994599342e+02
5.635915298908948898e+02
5.635219929888844490e+02
5.631849752962589264e+02
5.631849752962589264e+02
5.635360649824142456e+02
5.635360649824142456e+02
5.635360649824142456e+02
5.635360649824142456e+02
5.635360649824142456e+02
5.631700803712010384e+02
5.633686340972781181e+02
5.627141374126076698e+02
5.635245546847581863e+02
5.635245546847581863e+02
5.635245546847581863e+02
5.658608513996005058e+02
5.645114773884415627e+02
5.645114773884415627e+02
5.632727677822113037e+02
5.630202694386243820e+02
5.630202694386243820e+02
5.630202694386243820e+02
5.629181453734636307e+02
5.639768877327442169e+02
5.629983768612146378e+02
5.629983768612146378e+02
5.629983768612146378e+02
5.629983768612146378e+02
5.629983768612146378e+02
5.627997367009520531e+02
5.627997367009520531e+02
5.631231175065040588e+02
5.625523778796195984e+02
5.661331402882933617e+02
5.637578189224004745e+02
5.639476033821702003e+02
5.639476033821702003e+02
5.632550920397043228e+02
5.632222051620483398e+02
5.628818319812417030e+02
5.628818319812417030e+02
5.632837639451026917e+02
5.624691774770617485e+02
5.624691774770617485e+02
5.628719684928655624e+02
5.625896765962243080e+02
5.630466268584132195e+02
5.630466268584132195e+02
5.630466268584132195e+02
5.625509903654456139e+02
5.625509903654456139e+02
5.659027796983718872e+02
5.634088525772094727e+02
5.623400626555085182e+02
5.623400626555085182e+02
5.623400626555085182e+02
5.634309695959091187e+02
5.634309695959091187e+02
5.634309695959091187e+02
5.630231680423021317e+02
5.630231680423021317e+02
5.635421070158481598e+02
5.631743026897311211e+02
5.631743026897311211e+02
5.631743026897311211e+02
5.631743026897311211e+02
5.631743026897311211e+02
5.628604086935520172e+02
5.627657381519675255e+02
5.626612090691924095e+02
5.639908529892563820e+02
5.650852628871798515e+02
5.684366650879383087e+02
5.684366650879383087e+02
5.684366650879383087e+02
5.653595306500792503e+02
5.645321269184350967e+02
5.633911682441830635e+02
5.633911682441830635e+02
5.635334056764841080e+02
5.635334056764841080e+02
5.631717735975980759e+02
5.639290815070271492e+02
5.658147248178720474e+02
5.657225517630577087e+02
5.677644902169704437e+02
5.653011596724390984e+02
5.646932525485754013e+02
5.646932525485754013e+02
5.646932525485754013e+02
5.640975926592946053e+02
5.624289659261703491e+02
5.624289659261703491e+02
5.625505953580141068e+02
5.625505953580141068e+02
5.640008601620793343e+02
5.640008601620793343e+02
5.640008601620793343e+02
5.640008601620793343e+02
5.647315480783581734e+02
5.623705571666359901e+02
5.647008774057030678e+02
5.636504428833723068e+02
5.635334345176815987e+02
5.628605055361986160e+02
5.634693926870822906e+02
5.637444137781858444e+02
5.637444137781858444e+02
5.632681286260485649e+02
5.632681286260485649e+02
5.632681286260485649e+02
5.625166605859994888e+02
5.622931444793939590e+02
5.622931444793939590e+02
5.626464294940233231e+02
5.623713968172669411e+02
5.623384585529565811e+02
5.623839516714215279e+02
5.623839516714215279e+02
5.623839516714215279e+02
5.623839516714215279e+02
5.632913827076554298e+02
5.624685875251889229e+02
5.624004205390810966e+02
5.624004205390810966e+02
5.624004205390810966e+02
5.624004205390810966e+02
5.643685532957315445e+02
5.681269361153244972e+02
5.654648798033595085e+02
5.627394922152161598e+02
5.622999232113361359e+02
5.622858487889170647e+02
5.622858487889170647e+02
5.638402522727847099e+02
5.638402522727847099e+02
5.622733943015336990e+02
5.634526880308985710e+02
5.663253829404711723e+02
5.650935702845454216e+02
5.693826951980590820e+02
5.693826951980590820e+02
5.763257824853062630e+02
5.685341550558805466e+02
5.685341550558805466e+02
5.661865921765565872e+02
5.670859614089131355e+02
5.670859614089131355e+02
5.670859614089131355e+02
5.670859614089131355e+02
5.635461423620581627e+02
5.661364777311682701e+02
5.642022630348801613e+02
5.627772914394736290e+02
5.627772914394736290e+02
5.627772914394736290e+02
5.623066086396574974e+02
5.636496768444776535e+02
5.633261680901050568e+02
5.632544357553124428e+02
5.632315257862210274e+02
5.628199163824319839e+02
5.636716669276356697e+02
5.638590577840805054e+02
5.630765131264925003e+02
5.663022819086909294e+02
5.663022819086909294e+02
5.663022819086909294e+02
5.643646611645817757e+02
5.714601527079939842e+02
5.675136913806200027e+02
5.633656409308314323e+02
5.625886534973978996e+02
5.625278732553124428e+02
5.625278732553124428e+02
5.632050007209181786e+02
5.624991107583045959e+02
5.623483489081263542e+02
5.622791533172130585e+02
5.623068482875823975e+02
5.634657125398516655e+02
5.631980133205652237e+02
5.631980133205652237e+02
5.630061346217989922e+02
5.631572000905871391e+02
5.636094410046935081e+02
5.636094410046935081e+02
5.636094410046935081e+02
5.624772684350609779e+02
5.636146345213055611e+02
5.630520593672990799e+02
5.638780412524938583e+02
5.630506128296256065e+02
5.630506128296256065e+02
5.639399178922176361e+02
5.639399178922176361e+02
5.639399178922176361e+02
5.628081837296485901e+02
5.626713446676731110e+02
5.641166989356279373e+02
5.632272265851497650e+02
5.632272265851497650e+02
5.628126708716154099e+02
5.628126708716154099e+02
5.632652959823608398e+02
5.647579731345176697e+02
5.647579731345176697e+02
5.636320076510310173e+02
5.631915955320000648e+02
5.631915955320000648e+02
5.622830360680818558e+02
5.632863922566175461e+02
5.657963793724775314e+02
5.658276707604527473e+02
5.658276707604527473e+02
5.684072714522480965e+02
5.684072714522480965e+02
5.684072714522480965e+02
5.672460696473717690e+02
5.656794921159744263e+02
5.648037548363208771e+02
5.624451753124594688e+02
5.625318529605865479e+02
5.625318529605865479e+02
5.630744151175022125e+02
5.654537191390991211e+02
5.632867145389318466e+02
5.632867145389318466e+02
5.626643427461385727e+02
5.627601549327373505e+02
5.638471260145306587e+02
5.649352130815386772e+02
5.631160282120108604e+02
5.639801914542913437e+02
5.630797260329127312e+02
5.638821257948875427e+02
5.642821056470274925e+02
5.650644687786698341e+02
5.650644687786698341e+02
5.634361582994461060e+02
5.634361582994461060e+02
5.632969273403286934e+02
5.624122519344091415e+02
5.624122519344091415e+02
5.633877990022301674e+02
5.633877990022301674e+02
5.639036364406347275e+02
5.633246850743889809e+02
5.633524535372853279e+02
5.633007941693067551e+02
5.633007941693067551e+02
5.633007941693067551e+02
5.656812468171119690e+02
5.644143328368663788e+02
5.644143328368663788e+02
5.629357809871435165e+02
5.629357809871435165e+02
5.631378729119896889e+02
5.631378729119896889e+02
5.633501457422971725e+02
5.628645498529076576e+02
5.624475853443145752e+02
5.625629068687558174e+02
5.624360040649771690e+02
5.627329313233494759e+02
5.627329313233494759e+02
5.623367873653769493e+02
5.623367873653769493e+02
5.623367873653769493e+02
5.623367873653769493e+02
5.623156565129756927e+02
5.630311800837516785e+02
5.626586643680930138e+02
5.632405645400285721e+02
5.653423119410872459e+02
5.668382245227694511e+02
5.668382245227694511e+02
5.677718381285667419e+02
5.632248444557189941e+02
5.632248444557189941e+02
5.623399328142404556e+02
5.625725903734564781e+02
5.624520869702100754e+02
5.625588386207818985e+02
5.644882247820496559e+02
5.644882247820496559e+02
5.633164596185088158e+02
5.627366950064897537e+02
5.643566485792398453e+02
5.627778134495019913e+02
5.627778134495019913e+02
5.628255127593874931e+02
5.628255127593874931e+02
5.623271250426769257e+02
5.643054585680365562e+02
5.627789503186941147e+02
5.627789503186941147e+02
5.627789503186941147e+02
5.626160543262958527e+02
5.626160543262958527e+02
5.626160543262958527e+02
5.629707000479102135e+02
5.629707000479102135e+02
5.623804520592093468e+02
5.623804520592093468e+02
5.623804520592093468e+02
5.627344468310475349e+02
5.626096503511071205e+02
5.625391763523221016e+02
5.629433494359254837e+02
5.631869409605860710e+02
5.632178899347782135e+02
5.636062473431229591e+02
5.642616358399391174e+02
5.636000050008296967e+02
5.639778278321027756e+02
5.645246222615242004e+02
5.645246222615242004e+02
5.629894153475761414e+02
5.634653632044792175e+02
5.627634110599756241e+02
5.626188442334532738e+02
5.630012857839465141e+02
5.623654318526387215e+02
5.623654318526387215e+02
5.628675126433372498e+02
5.628969077914953232e+02
5.629007355123758316e+02
5.629007355123758316e+02
5.629168750494718552e+02
5.629168750494718552e+02
5.634613418430089951e+02
5.634613418430089951e+02
5.636666545644402504e+02
5.645882433652877808e+02
5.632088159173727036e+02
5.636568965017795563e+02
5.627843309119343758e+02
5.627843309119343758e+02
5.625659955367445946e+02
5.637234085574746132e+02
5.627355707809329033e+02
5.627355707809329033e+02
5.630686677172780037e+02
5.630686677172780037e+02
5.635518558248877525e+02
5.634135053679347038e+02
5.634135053679347038e+02
5.634767963066697121e+02
5.634767963066697121e+02
5.636959053799510002e+02
5.636683134213089943e+02
5.636683134213089943e+02
5.632282556220889091e+02
5.632282556220889091e+02
5.642172135561704636e+02
5.633047036901116371e+02
5.628000181615352631e+02
5.627316746488213539e+02
5.627316746488213539e+02
5.627316746488213539e+02
5.625179655700922012e+02
5.625179655700922012e+02
5.625179655700922012e+02
5.637005289345979691e+02
5.623470081984996796e+02
5.623470081984996796e+02
5.638129639849066734e+02
5.622749620899558067e+02
5.626571518480777740e+02
5.627441872879862785e+02
5.627441872879862785e+02
5.630925073996186256e+02
5.626945520564913750e+02
5.629920084401965141e+02
5.634361176863312721e+02
5.637769017964601517e+02
5.656794093698263168e+02
5.656794093698263168e+02
5.655276540443301201e+02
5.639965762868523598e+02
5.639965762868523598e+02
5.640321560874581337e+02
5.626319367513060570e+02
5.630679471939802170e+02
5.625845864191651344e+02
5.627757184132933617e+02
5.660029790997505188e+02
5.656043883413076401e+02
5.647332421839237213e+02
5.647332421839237213e+02
5.647332421839237213e+02
5.639100240990519524e+02
5.625389270037412643e+02
5.625389270037412643e+02
5.627917285412549973e+02
