8.595606060609417565e-01 1.645694953568742624e-01
8.579082019764558975e-01 2.066722219768586943e-01
8.579082019764558975e-01 2.066722219768586943e-01
8.579082019764558975e-01 2.066722219768586943e-01
8.579082019764558975e-01 2.066722219768586943e-01
8.151529166894636580e-01 2.440886714605154939e-01
8.209959517530740492e-01 2.856934071901878758e-01
8.209959517530740492e-01 2.856934071901878758e-01
7.802193373463662818e-01 2.729446654843532549e-01
7.649616152404744573e-01 2.934617420864844561e-01
7.649616152404744573e-01 2.934617420864844561e-01
7.151106075548774310e-01 2.573589077870865882e-01
6.862931469608055668e-01 2.099684010838892556e-01
6.862931469608055668e-01 2.099684010838892556e-01
6.862931469608055668e-01 2.099684010838892556e-01
6.862931469608055668e-01 2.099684010838892556e-01
6.862931469608055668e-01 2.099684010838892556e-01
6.544375668213934238e-01 1.903090429780963377e-01
6.218829803057848160e-01 1.930660006327105660e-01
5.739522765154131401e-01 1.494205940447841663e-01
5.874795077234143958e-01 1.490409288270912735e-01
6.002017269055921478e-01 1.625384354044959456e-01
6.002017269055921478e-01 1.625384354044959456e-01
6.002017269055921478e-01 1.625384354044959456e-01
6.002017269055921478e-01 1.625384354044959456e-01
6.039372917718013323e-01 1.621068504829819568e-01
6.039372917718013323e-01 1.621068504829819568e-01
5.757213889373311577e-01 2.034012836597728913e-01
5.757213889373311577e-01 2.034012836597728913e-01
5.757213889373311577e-01 2.034012836597728913e-01
5.641377290917732878e-01 1.785400761999280939e-01
5.641377290917732878e-01 1.785400761999280939e-01
5.339515827228453748e-01 1.945223430015979582e-01
5.069757072811523768e-01 1.581207766699162798e-01
5.069757072811523768e-01 1.581207766699162798e-01
4.927398960472116340e-01 1.557445912660561371e-01
4.973322159988587954e-01 1.852528893720312986e-01
4.617946592906689296e-01 1.370558083212014278e-01
4.503268121567729487e-01 1.776703624102069501e-01
4.503268121567729487e-01 1.776703624102069501e-01
4.005063036741679516e-01 1.490940422788883113e-01
3.788123254100715931e-01 1.585756880204595709e-01
3.713793529825514805e-01 1.607833513986912100e-01
3.713793529825514805e-01 1.607833513986912100e-01
3.809748206007830817e-01 1.728869936326419277e-01
3.809748206007830817e-01 1.728869936326419277e-01
3.771626855600481720e-01 2.026681926528871025e-01
3.322671721072008033e-01 1.950742846253785689e-01
2.946203495656306570e-01 2.366865961080673875e-01
2.946203495656306570e-01 2.366865961080673875e-01
3.161818806200316634e-01 2.512101222766525144e-01
3.161818806200316634e-01 2.512101222766525144e-01
3.161818806200316634e-01 2.512101222766525144e-01
3.161818806200316634e-01 2.512101222766525144e-01
3.161818806200316634e-01 2.512101222766525144e-01
3.415274868586237744e-01 2.901962592376257088e-01
3.415274868586237744e-01 2.901962592376257088e-01
3.415274868586237744e-01 2.901962592376257088e-01
3.292739686950695854e-01 3.196736133477201536e-01
3.292739686950695854e-01 3.196736133477201536e-01
3.004387240954164429e-01 3.521661068123774219e-01
2.578003180865934274e-01 3.658656776313927161e-01
2.578003180865934274e-01 3.658656776313927161e-01
2.644673234744192580e-01 3.942174858587577102e-01
2.644673234744192580e-01 3.942174858587577102e-01
2.644673234744192580e-01 3.942174858587577102e-01
2.644673234744192580e-01 3.942174858587577102e-01
2.644673234744192580e-01 3.942174858587577102e-01
2.644673234744192580e-01 3.942174858587577102e-01
2.523069245808373107e-01 3.830324088011302641e-01
2.523069245808373107e-01 3.830324088011302641e-01
2.523069245808373107e-01 3.830324088011302641e-01
2.277445953782945842e-01 3.628571910551910418e-01
2.691320282771725303e-01 4.088919116378030294e-01
2.691320282771725303e-01 4.088919116378030294e-01
2.277371786436714063e-01 4.312181392653000600e-01
2.735004498430402275e-01 4.407736426603434121e-01
2.429045650594686967e-01 4.444272516959250074e-01
2.553423636140096931e-01 4.346598625766884827e-01
2.553423636140096931e-01 4.346598625766884827e-01
2.993429108343862444e-01 4.551312578604451153e-01
3.309285682772735160e-01 4.931565938562493812e-01
3.309285682772735160e-01 4.931565938562493812e-01
3.309285682772735160e-01 4.931565938562493812e-01
3.387593097942039888e-01 4.672874361230215379e-01
3.044228844438162107e-01 4.386646109575383368e-01
3.044228844438162107e-01 4.386646109575383368e-01
3.044228844438162107e-01 4.386646109575383368e-01
2.622649604149501767e-01 4.764693346319859302e-01
2.622649604149501767e-01 4.764693346319859302e-01
2.887834216261848108e-01 4.500701910421460172e-01
2.438245247378877101e-01 4.287739226587248820e-01
2.828353148820000329e-01 4.774355030026110058e-01
2.828353148820000329e-01 4.774355030026110058e-01
2.718494658530619668e-01 5.262858840743439570e-01
3.030655898621201216e-01 5.530687291870853839e-01
3.030655898621201216e-01 5.530687291870853839e-01
3.030655898621201216e-01 5.530687291870853839e-01
3.030655898621201216e-01 5.530687291870853839e-01
3.030655898621201216e-01 5.530687291870853839e-01
3.030655898621201216e-01 5.530687291870853839e-01
3.377164347400262723e-01 5.297513048168421834e-01
3.001666205341880223e-01 5.584934366988962839e-01
3.143755122400898050e-01 5.611108283476569092e-01
3.143755122400898050e-01 5.611108283476569092e-01
3.544763501519381799e-01 5.896974599362312386e-01
3.833219077720305679e-01 6.020948004312854929e-01
3.364803218783019023e-01 6.444641515303363155e-01
3.364803218783019023e-01 6.444641515303363155e-01
2.903611748870730258e-01 6.789333157192993795e-01
3.071847786435602523e-01 7.147990032781561531e-01
3.117037628309315966e-01 7.104138085720469453e-01
3.117037628309315966e-01 7.104138085720469453e-01
2.852267278054931299e-01 6.804807510883070787e-01
2.852267278054931299e-01 6.804807510883070787e-01
3.255465276274301378e-01 6.689591317617634703e-01
3.438990066052157735e-01 6.448370639408126381e-01
3.599093362729094969e-01 6.846492729977088354e-01
3.599093362729094969e-01 6.846492729977088354e-01
3.426903242802979976e-01 6.854145748268819505e-01
3.260569864090902548e-01 6.362779945463342690e-01
3.152875142008901843e-01 6.678414127058985850e-01
3.052034717503991357e-01 6.896450438016552553e-01
3.052034717503991357e-01 6.896450438016552553e-01
3.052034717503991357e-01 6.896450438016552553e-01
3.141488146733865672e-01 7.255246055389401594e-01
3.570068021386746393e-01 7.545596170542303582e-01
3.330285601391272943e-01 7.116847720951102740e-01
3.500118561647255211e-01 6.985960771208271636e-01
3.587628623201971623e-01 7.063155308842191671e-01
3.615841823822790180e-01 7.192214083830460458e-01
3.535908778840523570e-01 7.152393139941568556e-01
3.535908778840523570e-01 7.152393139941568556e-01
3.695335779448229996e-01 7.125670769405935134e-01
3.695335779448229996e-01 7.125670769405935134e-01
3.571618193276175912e-01 7.001931322474644892e-01
3.571618193276175912e-01 7.001931322474644892e-01
3.571618193276175912e-01 7.001931322474644892e-01
3.578693179443441785e-01 7.466820951374515403e-01
3.714641571325101865e-01 7.572834969991986132e-01
4.069398822197977661e-01 7.399500799254277172e-01
3.848471194016969132e-01 7.299282444087819011e-01
4.016134011882719901e-01 7.359588906523453211e-01
4.253623612575250235e-01 7.389275039044306270e-01
4.025236136200847081e-01 7.875362986900806828e-01
4.025236136200847081e-01 7.875362986900806828e-01
4.085359146282958043e-01 7.631944030570535498e-01
4.536766445556478788e-01 7.989225667733026448e-01
4.536766445556478788e-01 7.989225667733026448e-01
4.492543978238083269e-01 7.629619173702258950e-01
4.318071541276435887e-01 7.437147751028644338e-01
4.318071541276435887e-01 7.437147751028644338e-01
3.864076007706743754e-01 6.992335645223013429e-01
3.707911472260759234e-01 6.890791165476936042e-01
3.461975275661131612e-01 6.822324607266748719e-01
3.451869286051483798e-01 7.226236031584634123e-01
3.562290122035507434e-01 7.501378717710635025e-01
3.562290122035507434e-01 7.501378717710635025e-01
3.562290122035507434e-01 7.501378717710635025e-01
3.953554987821693567e-01 7.242960253774693991e-01
3.830240361802391691e-01 7.369187300504197458e-01
3.830240361802391691e-01 7.369187300504197458e-01
3.492980529883968344e-01 7.027039916314410384e-01
3.728205100358455426e-01 6.857888970287643327e-01
3.728205100358455426e-01 6.857888970287643327e-01
3.537025959750477733e-01 6.628775633021088964e-01
3.309568543070668944e-01 6.812761452054115763e-01
3.705648607993416999e-01 7.134159527740141504e-01
3.705648607993416999e-01 7.134159527740141504e-01
3.705648607993416999e-01 7.134159527740141504e-01
3.705648607993416999e-01 7.134159527740141504e-01
3.705648607993416999e-01 7.134159527740141504e-01
3.705648607993416999e-01 7.134159527740141504e-01
4.193862985865826065e-01 7.337739071797366730e-01
4.193862985865826065e-01 7.337739071797366730e-01
4.279380555821863386e-01 7.586781293568162221e-01
4.147519966742874709e-01 7.856358423225576759e-01
4.241687437304562103e-01 8.144934011334978852e-01
4.241687437304562103e-01 8.144934011334978852e-01
3.956990340003956885e-01 8.217508663093558985e-01
3.956990340003956885e-01 8.217508663093558985e-01
4.076239697442082810e-01 8.432467901885912775e-01
4.489961016578515318e-01 8.670600732119584375e-01
4.136140266029750823e-01 8.218179256651394482e-01
4.035685908956328505e-01 8.632277815016489164e-01
3.830981713961981727e-01 8.687811649840669892e-01
4.249624450116748497e-01 8.677657068966275755e-01
3.926237448547570397e-01 8.309038376984153595e-01
3.592816891683418556e-01 7.840220419814034614e-01
3.592816891683418556e-01 7.840220419814034614e-01
4.015071980776415694e-01 7.498412361169828344e-01
3.530780546264006836e-01 7.928347253242008508e-01
3.744690471680230948e-01 7.937718427048405800e-01
3.744690471680230948e-01 7.937718427048405800e-01
4.090267612217124982e-01 7.784502739313876596e-01
4.282779708712347588e-01 8.187728495650942184e-01
3.926992511052254109e-01 7.941435744229832228e-01
3.467403797082037054e-01 7.999221493484887091e-01
3.650219182492656089e-01 8.014563275628344696e-01
3.474084667940956495e-01 7.943204886836577883e-01
3.108630067169365629e-01 7.645426320610457793e-01
3.525341305984240337e-01 7.674658167092274219e-01
3.973942297846199678e-01 7.659814081834120936e-01
3.973942297846199678e-01 7.659814081834120936e-01
3.663252007643664765e-01 7.776422223438274051e-01
3.816796705018638547e-01 7.962256671781804407e-01
3.949516594106354250e-01 7.881435322976044766e-01
3.784046187272036565e-01 7.568977218252719297e-01
3.916201224865212827e-01 7.736715033635362948e-01
3.951918297371188604e-01 8.105755181682484656e-01
3.951918297371188604e-01 8.105755181682484656e-01
3.951918297371188604e-01 8.105755181682484656e-01
3.586569548419716869e-01 8.515914310397428855e-01
3.599347932182883070e-01 8.890314796681931808e-01
3.490835456301459860e-01 8.699664459899117963e-01
3.636620595526484645e-01 8.559535150466349718e-01
3.481570102380213139e-01 8.396273511254231936e-01
3.691585831370730042e-01 8.121158781918178526e-01
4.101357312433914215e-01 8.218557434686935004e-01
3.945589775621384243e-01 7.795344156080699083e-01
3.945589775621384243e-01 7.795344156080699083e-01
3.962955869317501545e-01 7.670786674876932665e-01
3.881904867285389527e-01 8.097891499782383651e-01
3.881904867285389527e-01 8.097891499782383651e-01
3.881904867285389527e-01 8.097891499782383651e-01
4.156886431553980521e-01 8.576452509621409481e-01
3.942098895911970713e-01 8.920046528342727710e-01
4.028166190348749232e-01 8.699788795266776287e-01
3.828324625901740608e-01 8.596284761464080271e-01
4.036621410690940936e-01 8.795349383780453056e-01
4.036621410690940936e-01 8.795349383780453056e-01
4.058566714992457580e-01 8.546318952120006696e-01
3.890618281855653393e-01 8.473720023337540930e-01
3.667474285482107965e-01 7.985796556825913717e-01
3.939064574017006048e-01 7.858302445434234285e-01
3.822234037238574911e-01 8.353753810486207465e-01
3.672467892804754941e-01 8.185384251571494740e-01
3.672467892804754941e-01 8.185384251571494740e-01
3.847082043570053678e-01 8.644939228994449332e-01
3.847082043570053678e-01 8.644939228994449332e-01
3.639961254617292696e-01 8.208391386037851012e-01
3.639961254617292696e-01 8.208391386037851012e-01
3.639961254617292696e-01 8.208391386037851012e-01
3.581170587076981660e-01 8.210155043304340206e-01
3.995100937584279976e-01 8.423656244272438309e-01
3.979048842436715971e-01 8.124965501308505367e-01
3.979048842436715971e-01 8.124965501308505367e-01
3.975159915659536858e-01 8.403683565524626697e-01
3.975159915659536858e-01 8.403683565524626697e-01
3.659284014697005705e-01 8.130952715629590211e-01
3.507260350969712559e-01 7.731144130099758538e-01
3.845763972394276586e-01 7.632359838167707133e-01
3.845763972394276586e-01 7.632359838167707133e-01
3.871472303378347690e-01 8.127463188006610606e-01
4.175963122871094724e-01 8.384106332951043461e-01
4.175963122871094724e-01 8.384106332951043461e-01
3.703158299108249008e-01 8.269805617773600126e-01
3.619354902303885124e-01 8.349758455043566618e-01
3.468696368664863083e-01 8.016665325729929181e-01
3.468696368664863083e-01 8.016665325729929181e-01
3.800494824947303618e-01 7.531867559004761237e-01
3.798805408082425727e-01 7.722101950694388872e-01
3.900263052943501174e-01 7.830601683632452126e-01
3.900263052943501174e-01 7.830601683632452126e-01
3.655885477557186403e-01 7.399081596391773319e-01
3.655885477557186403e-01 7.399081596391773319e-01
3.444031931408986225e-01 7.867856403944314403e-01
3.843073124000166430e-01 7.999574227217871591e-01
3.941887120487108098e-01 8.075668349071983831e-01
3.988138840436884491e-01 8.046936405965350314e-01
3.698126507951898789e-01 8.182159882145312313e-01
3.671346909349224030e-01 8.221515555479594894e-01
3.708087867459028408e-01 8.222728967550554380e-01
3.708087867459028408e-01 8.222728967550554380e-01
3.708087867459028408e-01 8.222728967550554380e-01
3.797580875774957399e-01 8.590370427617599614e-01
3.797580875774957399e-01 8.590370427617599614e-01
3.868563648791253362e-01 8.574209707159357041e-01
3.888053730051567181e-01 8.552839223003046998e-01
3.976333918718539806e-01 8.149491769000023478e-01
4.225239536440825727e-01 8.065923930982071832e-01
4.238388815093051543e-01 7.977953330686188282e-01
3.982637891890685733e-01 7.692144159138676329e-01
3.565677162206636330e-01 7.423955367621127843e-01
3.404295853826434515e-01 7.006499461850181909e-01
3.016464974366840912e-01 7.092310517837718820e-01
2.975567172330920163e-01 7.404989809871678208e-01
2.975567172330920163e-01 7.404989809871678208e-01
3.195888412158325309e-01 7.068725157459890829e-01
3.689603912494032190e-01 7.456121785610195785e-01
3.689603912494032190e-01 7.456121785610195785e-01
3.689603912494032190e-01 7.456121785610195785e-01
3.817637617962953978e-01 7.809625463289158187e-01
3.817637617962953978e-01 7.809625463289158187e-01
3.817637617962953978e-01 7.809625463289158187e-01
3.772758116674768680e-01 7.892486737784873974e-01
3.870562151315295463e-01 7.616210629869029081e-01
3.870562151315295463e-01 7.616210629869029081e-01
3.870562151315295463e-01 7.616210629869029081e-01
3.883765022834306246e-01 7.246751679777172495e-01
3.883765022834306246e-01 7.246751679777172495e-01
4.163521837678514359e-01 7.269455670747934084e-01
3.691799866024221277e-01 6.825975506850939789e-01
4.024122520246022350e-01 7.305401345740795138e-01
4.101660233420356128e-01 7.429111809266636390e-01
4.101660233420356128e-01 7.429111809266636390e-01
3.767189913676320945e-01 7.634785722696929566e-01
3.375869643847617674e-01 7.742619430827372140e-01
3.375869643847617674e-01 7.742619430827372140e-01
3.715921333117941927e-01 7.565612751877426323e-01
3.715921333117941927e-01 7.565612751877426323e-01
3.715921333117941927e-01 7.565612751877426323e-01
4.065040460756324525e-01 7.693891406961683721e-01
4.273984594121492675e-01 7.893086512220528483e-01
4.273984594121492675e-01 7.893086512220528483e-01
4.273984594121492675e-01 7.893086512220528483e-01
4.384519734083817122e-01 8.331888358196704036e-01
4.384519734083817122e-01 8.331888358196704036e-01
4.777403486419798395e-01 8.611402874412793507e-01
4.545418578547112953e-01 8.171680411522144194e-01
4.677622793070472795e-01 7.728260897200563972e-01
4.677622793070472795e-01 7.728260897200563972e-01
4.485996726015283875e-01 7.873411459076525842e-01
4.485996726015283875e-01 7.873411459076525842e-01
4.485996726015283875e-01 7.873411459076525842e-01
4.485996726015283875e-01 7.873411459076525842e-01
4.485996726015283875e-01 7.873411459076525842e-01
4.429189781497265832e-01 7.663590079753425099e-01
4.429189781497265832e-01 7.663590079753425099e-01
4.092572642874161004e-01 7.703313249952521424e-01
4.290257479447211475e-01 8.056128169591894039e-01
4.717276376924731118e-01 8.399841067841683495e-01
4.284886371610713840e-01 8.841919138007052759e-01
4.416501512863436618e-01 9.044785934644413716e-01
4.486941441745765924e-01 9.235658164583401275e-01
4.486941441745765924e-01 9.235658164583401275e-01
3.994280210556201971e-01 9.564539382252656985e-01
3.842756891840813371e-01 9.231900039383821310e-01
4.281429450107005485e-01 9.575962822211351311e-01
4.031277964226293031e-01 9.171703704042319938e-01
4.031277964226293031e-01 9.171703704042319938e-01
4.275789638894072486e-01 9.191903479589674797e-01
4.275789638894072486e-01 9.191903479589674797e-01
4.626499862988489031e-01 8.815444920259446482e-01
4.626499862988489031e-01 8.815444920259446482e-01
4.626499862988489031e-01 8.815444920259446482e-01
4.743812589473180297e-01 8.665230043773489710e-01
4.266174620413293317e-01 8.957144561167070806e-01
4.576890481030217450e-01 9.177544125381538187e-01
4.576890481030217450e-01 9.177544125381538187e-01
4.576890481030217450e-01 9.177544125381538187e-01
4.177678059883324635e-01 8.768759992460091190e-01
3.972109418313325424e-01 8.775931820612814516e-01
3.931979967340892279e-01 8.303676098246361992e-01
3.583232842747699487e-01 8.604371398111614333e-01
3.450789179369653237e-01 8.130020294201132369e-01
3.450789179369653237e-01 8.130020294201132369e-01
3.821982483820382526e-01 8.289386376717973182e-01
4.191994365232291631e-01 8.337311037566096372e-01
3.906404439329710931e-01 8.113265565575288329e-01
3.882749167725291772e-01 8.467259697768791948e-01
3.882749167725291772e-01 8.467259697768791948e-01
4.319206090410450116e-01 8.575592105881992833e-01
3.947227607074409450e-01 8.937125715688087890e-01
3.947227607074409450e-01 8.937125715688087890e-01
4.286361384760770665e-01 8.749705659834664528e-01
4.286361384760770665e-01 8.749705659834664528e-01
4.286361384760770665e-01 8.749705659834664528e-01
4.286361384760770665e-01 8.749705659834664528e-01
4.373676833416649257e-01 8.312378427933768688e-01
4.373676833416649257e-01 8.312378427933768688e-01
4.371274371938186909e-01 8.048386523948530824e-01
4.357156753447269382e-01 8.337706215154693234e-01
3.881883018873762414e-01 8.420227784011955485e-01
4.163242647037433963e-01 8.169403722723841410e-01
4.163242647037433963e-01 8.169403722723841410e-01
4.450089978449657813e-01 8.666590505050042470e-01
4.348024252108876331e-01 9.028912103544780576e-01
4.093671606256236162e-01 8.625802255339727331e-01
3.967786730955232266e-01 8.397837044983437194e-01
3.967786730955232266e-01 8.397837044983437194e-01
3.715031071425760056e-01 8.676671036636613987e-01
3.715031071425760056e-01 8.676671036636613987e-01
3.867143479639465475e-01 8.941357291216094350e-01
3.867143479639465475e-01 8.941357291216094350e-01
3.867143479639465475e-01 8.941357291216094350e-01
3.743898879424409909e-01 8.900543243679658323e-01
4.044321216029788668e-01 8.726075097062226948e-01
4.303545180936070302e-01 8.624302923466882209e-01
4.203452912382092954e-01 8.785954875319292867e-01
4.426266454244836557e-01 8.958003732409445252e-01
4.082919305891202222e-01 9.163852914031220820e-01
4.082919305891202222e-01 9.163852914031220820e-01
3.990816550890730618e-01 9.056179748675812213e-01
3.932514079699384046e-01 8.653240517388069986e-01
3.932514079699384046e-01 8.653240517388069986e-01
3.805859118247022499e-01 8.628398166076388653e-01
3.805859118247022499e-01 8.628398166076388653e-01
4.121083888858574906e-01 8.982759772852532132e-01
4.316505767284071760e-01 9.420782839362474848e-01
4.564940346491236922e-01 9.138287376399624184e-01
4.564940346491236922e-01 9.138287376399624184e-01
4.259537669898174617e-01 8.983756286141606484e-01
4.259537669898174617e-01 8.983756286141606484e-01
4.335376256675876339e-01 9.425439527694753350e-01
4.124551706525713124e-01 9.760547606252790720e-01
4.124551706525713124e-01 9.760547606252790720e-01
3.918388435521574786e-01 9.545847371336217968e-01
4.110476056936369638e-01 9.096346699835511362e-01
4.110476056936369638e-01 9.096346699835511362e-01
4.110476056936369638e-01 9.096346699835511362e-01
4.110476056936369638e-01 9.096346699835511362e-01
4.110476056936369638e-01 9.096346699835511362e-01
4.110476056936369638e-01 9.096346699835511362e-01
4.110476056936369638e-01 9.096346699835511362e-01
3.765321146994112245e-01 8.785266926537271814e-01
3.620890877931887686e-01 8.622297356553538794e-01
3.983110287297185192e-01 8.217481144926918057e-01
4.043736351497082548e-01 7.886861918306478092e-01
3.802189804664973805e-01 8.136841747019882831e-01
4.212316627467946883e-01 8.129059490352098516e-01
3.949738846367488732e-01 8.528172740184126743e-01
3.949738846367488732e-01 8.528172740184126743e-01
3.949738846367488732e-01 8.528172740184126743e-01
4.159713294502635494e-01 8.445016712692344774e-01
3.868328568874526696e-01 8.345014456795021296e-01
4.079914110618987344e-01 8.664758224992998858e-01
4.079914110618987344e-01 8.664758224992998858e-01
4.079914110618987344e-01 8.664758224992998858e-01
4.079914110618987344e-01 8.664758224992998858e-01
4.333856326487748878e-01 8.655113999890424736e-01
4.333856326487748878e-01 8.655113999890424736e-01
4.333856326487748878e-01 8.655113999890424736e-01
3.936416845983287671e-01 8.577238297831103475e-01
4.056299875974042068e-01 9.008812891931289313e-01
4.056299875974042068e-01 9.008812891931289313e-01
3.969442379365571982e-01 8.788230260126211890e-01
3.969442379365571982e-01 8.788230260126211890e-01
3.969442379365571982e-01 8.788230260126211890e-01
3.969442379365571982e-01 8.788230260126211890e-01
3.969442379365571982e-01 8.788230260126211890e-01
4.010369279364976447e-01 8.917790760330289723e-01
3.727972306900903532e-01 8.716078527227379968e-01
3.727972306900903532e-01 8.716078527227379968e-01
4.058243343503639133e-01 8.844406413377413623e-01
4.058243343503639133e-01 8.844406413377413623e-01
4.058243343503639133e-01 8.844406413377413623e-01
3.900610100930928525e-01 8.513426617947509323e-01
3.907395283509380590e-01 8.952381330635287293e-01
4.277550374477831485e-01 9.153337662568873379e-01
4.154972868579183687e-01 9.017371147902200068e-01
4.025473546743503217e-01 8.779829431313809218e-01
4.174319567267568143e-01 9.049714429550222983e-01
4.079868325452282729e-01 9.150388711681709530e-01
4.264059059465188373e-01 9.589780164153481889e-01
3.825547661701184099e-01 9.288838016922746910e-01
3.825547661701184099e-01 9.288838016922746910e-01
3.995378975157007351e-01 8.956615550058051323e-01
3.670901186802510985e-01 8.713780481503821118e-01
3.905722352957518573e-01 8.389565793549447204e-01
3.783193209046276650e-01 8.846581189366973241e-01
4.036084085993522086e-01 8.397014070377175621e-01
4.036084085993522086e-01 8.397014070377175621e-01
4.039357657679443769e-01 8.012264715901996626e-01
3.590926960346906838e-01 7.892399979303625912e-01
3.967744947236891973e-01 7.560108245654165726e-01
3.967744947236891973e-01 7.560108245654165726e-01
3.920141209797720072e-01 7.771331447938716330e-01
3.920141209797720072e-01 7.771331447938716330e-01
3.649133363595732371e-01 8.184403102588684309e-01
3.649133363595732371e-01 8.184403102588684309e-01
3.649133363595732371e-01 8.184403102588684309e-01
3.649133363595732371e-01 8.184403102588684309e-01
3.727287503717019446e-01 8.118927584790085472e-01
3.964453740643480995e-01 8.350331332702196629e-01
4.183100691757628553e-01 8.154050814157216553e-01
3.919394836870778720e-01 7.752825252427035796e-01
3.919394836870778720e-01 7.752825252427035796e-01
3.675689147198986095e-01 7.413307345302500018e-01
3.715681770606170664e-01 7.304801118293504647e-01
3.681609022070392867e-01 7.614279213846298910e-01
3.681609022070392867e-01 7.614279213846298910e-01
4.019500277269531519e-01 7.363601958935304115e-01
4.296577312238610835e-01 7.588188065598091558e-01
4.296950912772335429e-01 7.140327873366841827e-01
3.978439616230745601e-01 7.633983180153131043e-01
4.081257504208241627e-01 7.950889167077286324e-01
4.111802534976515267e-01 8.016907650633657845e-01
4.111802534976515267e-01 8.016907650633657845e-01
4.111802534976515267e-01 8.016907650633657845e-01
4.126967232626627125e-01 8.454390211912667930e-01
4.109847142173311818e-01 8.526431805194821800e-01
3.957727120222521155e-01 8.619564070392016220e-01
4.244313098317314403e-01 8.396479268514467353e-01
4.244313098317314403e-01 8.396479268514467353e-01
3.746844907110155054e-01 8.091402445688076206e-01
3.746844907110155054e-01 8.091402445688076206e-01
4.023003595514972330e-01 7.972288157555599275e-01
3.862008129783670585e-01 8.204109509741781547e-01
3.862008129783670585e-01 8.204109509741781547e-01
4.191050556207879807e-01 8.266310124092699496e-01
4.049125396626413464e-01 8.567483984562889177e-01
4.057135244013181374e-01 8.537976005789239542e-01
4.098297791397184087e-01 8.079058114470526464e-01
3.661360926868028054e-01 7.939154130277503718e-01
3.661360926868028054e-01 7.939154130277503718e-01
3.696499665326652972e-01 7.602280506965474194e-01
3.840850347770957129e-01 7.782783536947195380e-01
3.635262614886133337e-01 7.624619990668091152e-01
3.463944413427477165e-01 7.517808306135170815e-01
3.385994254277908677e-01 7.390654023823733931e-01
3.331062125370601312e-01 7.715131486408280947e-01
3.247346082299517600e-01 7.638467089812837063e-01
3.545651333857849918e-01 7.592082433227731464e-01
3.851661351406611700e-01 7.807635901348473073e-01
3.506612284336777519e-01 7.707430910763563014e-01
3.506612284336777519e-01 7.707430910763563014e-01
3.587500944315797358e-01 7.322354100409325106e-01
4.050441965441365921e-01 7.004561126279689187e-01
3.822244512821972862e-01 6.836141587489892313e-01
3.822244512821972862e-01 6.836141587489892313e-01
3.835466100545221191e-01 6.642575996182360498e-01
3.655561715769690689e-01 6.719862307616337738e-01
3.629129812541316835e-01 7.152606253292930205e-01
3.629129812541316835e-01 7.152606253292930205e-01
3.183995054515635359e-01 7.441345584889882403e-01
3.351507372673060980e-01 7.377260811490036208e-01
2.970195077959060237e-01 6.982991776541738194e-01
2.970195077959060237e-01 6.982991776541738194e-01
3.156584407120889280e-01 7.059215122232830320e-01
3.252501445716156625e-01 6.623176809653040786e-01
3.405786288303365716e-01 7.123039317936469272e-01
3.382608589052285009e-01 7.314244642226322979e-01
3.364115287765549467e-01 7.289231804918481217e-01
3.181324867854528060e-01 7.594489001910826875e-01
3.597469933972823330e-01 7.754689441500335345e-01
3.225048349497601219e-01 7.610036508413601242e-01
3.245653144048099015e-01 7.611755398257286087e-01
3.245653144048099015e-01 7.611755398257286087e-01
3.512208700459057975e-01 7.323608963110328496e-01
3.287046900162369778e-01 7.167084479463898816e-01
3.524236685626505050e-01 6.697545224588352664e-01
3.917549291960985558e-01 7.038420575741956009e-01
3.917549291960985558e-01 7.038420575741956009e-01
3.475722528062203942e-01 6.895562673886483918e-01
3.724907617088161760e-01 7.251438338870809241e-01
3.599794369584464748e-01 7.092712645956900097e-01
3.599794369584464748e-01 7.092712645956900097e-01
3.599794369584464748e-01 7.092712645956900097e-01
3.599794369584464748e-01 7.092712645956900097e-01
3.429752215893074330e-01 7.146326631248508532e-01
3.048756627467094082e-01 6.772459716674501529e-01
3.229703731094190067e-01 6.275836551531156493e-01
3.229703731094190067e-01 6.275836551531156493e-01
3.229703731094190067e-01 6.275836551531156493e-01
3.266377854205966824e-01 6.484751421982847264e-01
3.266377854205966824e-01 6.484751421982847264e-01
3.266377854205966824e-01 6.484751421982847264e-01
2.923605884158812507e-01 6.930234883545003388e-01
2.923605884158812507e-01 6.930234883545003388e-01
2.960655265709790651e-01 7.090544297414332897e-01
2.988825205533283125e-01 7.511716158781367447e-01
3.233532889371713015e-01 8.001948815266672899e-01
3.233532889371713015e-01 8.001948815266672899e-01
3.233532889371713015e-01 8.001948815266672899e-01
3.233532889371713015e-01 8.001948815266672899e-01
3.524708020374976991e-01 7.929252380543758694e-01
3.864969640338433154e-01 7.549501854083425778e-01
3.864969640338433154e-01 7.549501854083425778e-01
4.159722537096273154e-01 7.323750853532851046e-01
3.959511545200764537e-01 6.917171775519871391e-01
3.671503961118265380e-01 6.580387598447281494e-01
3.950373792104066029e-01 6.978839616099058452e-01
3.950373792104066029e-01 6.978839616099058452e-01
3.950373792104066029e-01 6.978839616099058452e-01
4.097795761573400641e-01 6.966672939261766562e-01
4.097795761573400641e-01 6.966672939261766562e-01
3.786083851527845545e-01 6.492380496473735274e-01
3.786083851527845545e-01 6.492380496473735274e-01
3.786083851527845545e-01 6.492380496473735274e-01
3.333064681597322498e-01 6.152980828677050429e-01
3.017411994161318112e-01 5.975183096098656277e-01
3.132927814159278679e-01 5.691712886447136688e-01
3.495380573292007909e-01 5.997706548377037539e-01
3.775639245063803773e-01 5.881301377178683731e-01
3.684771790212532094e-01 6.044501348942686869e-01
3.825314217368543379e-01 6.155074172994722259e-01
4.301115471622106723e-01 6.385309352647160486e-01
3.813844070503086270e-01 6.013196034370196230e-01
3.450875694306669295e-01 6.407553278774313910e-01
3.376767233927255862e-01 6.786540151638248419e-01
3.503905526666063475e-01 6.307252123407425248e-01
3.503905526666063475e-01 6.307252123407425248e-01
3.503905526666063475e-01 6.307252123407425248e-01
3.320324118682919656e-01 6.568608082440589024e-01
3.478029248969485288e-01 6.479255710256378586e-01
3.659517430239083713e-01 6.904040262983268672e-01
4.040596864421895362e-01 6.844712553529076482e-01
4.040596864421895362e-01 6.844712553529076482e-01
3.871962275255857455e-01 6.897931881116887709e-01
3.871962275255857455e-01 6.897931881116887709e-01
3.871962275255857455e-01 6.897931881116887709e-01
3.871962275255857455e-01 6.897931881116887709e-01
3.981218601209259855e-01 7.244607595535016431e-01
3.678594964143683810e-01 6.863629038092788903e-01
3.491999990133907161e-01 6.859607502370344001e-01
3.464426263941189910e-01 7.132505647640753343e-01
3.464426263941189910e-01 7.132505647640753343e-01
3.923108877794391214e-01 7.146984118626734661e-01
3.923108877794391214e-01 7.146984118626734661e-01
3.923108877794391214e-01 7.146984118626734661e-01
3.923108877794391214e-01 7.146984118626734661e-01
3.923108877794391214e-01 7.146984118626734661e-01
4.098740847825783629e-01 7.637375838304547582e-01
4.060339882261513877e-01 7.456325376962856799e-01
4.062121191536989251e-01 7.821087039561860355e-01
3.647925625356014390e-01 8.318292098121279343e-01
3.647925625356014390e-01 8.318292098121279343e-01
3.647925625356014390e-01 8.318292098121279343e-01
3.357537686073164829e-01 8.253928819077621659e-01
3.392774848322638870e-01 8.000283174810024489e-01
3.392774848322638870e-01 8.000283174810024489e-01
3.616960885256276237e-01 8.157989452686997822e-01
3.880523445483913814e-01 8.513125669914172189e-01
3.880523445483913814e-01 8.513125669914172189e-01
3.880523445483913814e-01 8.513125669914172189e-01
4.079578755999569428e-01 8.552198289175128032e-01
4.191972765623837582e-01 8.948960165916497456e-01
3.844838986716377360e-01 8.462843822766841217e-01
3.844838986716377360e-01 8.462843822766841217e-01
3.844838986716377360e-01 8.462843822766841217e-01
3.844838986716377360e-01 8.462843822766841217e-01
3.844838986716377360e-01 8.462843822766841217e-01
3.980416567217722190e-01 8.492316502802418343e-01
3.980416567217722190e-01 8.492316502802418343e-01
4.189239570019472336e-01 8.545062231783142614e-01
4.062768217849307417e-01 8.227722222618453207e-01
4.505709346251580705e-01 7.789158564216542846e-01
4.255332542495950388e-01 7.827292562390680830e-01
4.354410869868394762e-01 8.200714871012886320e-01
4.354410869868394762e-01 8.200714871012886320e-01
3.930106855085779283e-01 8.646388243337175261e-01
3.943297011471663116e-01 8.645914208026491687e-01
4.065126468187270081e-01 8.537762763895838658e-01
4.065126468187270081e-01 8.537762763895838658e-01
4.252530448143830299e-01 8.206336789972078494e-01
3.835688781794229230e-01 8.172117487522584378e-01
3.835688781794229230e-01 8.172117487522584378e-01
3.725132838544210068e-01 8.218232788680160938e-01
3.985117644878456433e-01 8.365646367138886985e-01
3.911975320588294003e-01 8.554734501985020723e-01
3.911975320588294003e-01 8.554734501985020723e-01
3.911975320588294003e-01 8.554734501985020723e-01
4.069824249223468748e-01 8.134758148037993797e-01
4.069824249223468748e-01 8.134758148037993797e-01
4.480243009345563077e-01 7.771429702351063673e-01
4.169749938896352148e-01 7.718549643849036412e-01
3.924247099113680193e-01 7.826531746943656831e-01
3.924247099113680193e-01 7.826531746943656831e-01
3.924247099113680193e-01 7.826531746943656831e-01
4.279223088470477943e-01 8.220461687964453201e-01
4.279223088470477943e-01 8.220461687964453201e-01
4.279223088470477943e-01 8.220461687964453201e-01
4.016292196213810950e-01 8.609175596138874953e-01
4.016292196213810950e-01 8.609175596138874953e-01
4.048225497691878561e-01 8.811717843293627173e-01
4.119555604091649226e-01 8.666808056119400527e-01
4.119555604091649226e-01 8.666808056119400527e-01
4.119555604091649226e-01 8.666808056119400527e-01
4.119555604091649226e-01 8.666808056119400527e-01
4.119555604091649226e-01 8.666808056119400527e-01
4.046417392760812137e-01 8.531159349925625524e-01
4.123077311751588425e-01 8.360424986510378575e-01
4.091340781931412374e-01 8.318076455668209634e-01
3.876372991740772989e-01 8.804097133761422667e-01
3.678884799783216364e-01 8.763287195752383907e-01
3.511919204398816219e-01 8.999822729850698311e-01
3.511919204398816219e-01 8.999822729850698311e-01
3.511919204398816219e-01 8.999822729850698311e-01
3.953989022701947520e-01 9.170442491662955664e-01
3.757422037133331671e-01 8.772932248465681315e-01
4.100588670250374101e-01 8.765691247911548967e-01
4.100588670250374101e-01 8.765691247911548967e-01
4.290461162273832008e-01 8.555117197665680351e-01
4.290461162273832008e-01 8.555117197665680351e-01
4.203411920698621462e-01 8.548537218376537350e-01
4.206852679072070611e-01 8.925615833587939862e-01
4.289526965210758713e-01 9.384059868634606616e-01
4.040575528998769927e-01 9.304030859733316561e-01
3.923135307915895376e-01 9.505186723559604367e-01
3.911451076004617278e-01 9.118251072047226513e-01
4.137454970597226889e-01 9.145681742624888200e-01
4.137454970597226889e-01 9.145681742624888200e-01
4.137454970597226889e-01 9.145681742624888200e-01
3.742562425816216565e-01 8.649682063141542754e-01
3.988597821616368666e-01 8.202499229068330733e-01
3.988597821616368666e-01 8.202499229068330733e-01
3.966228469121712563e-01 8.335113744167286232e-01
3.966228469121712563e-01 8.335113744167286232e-01
4.293351819121842272e-01 7.845413127425092670e-01
4.293351819121842272e-01 7.845413127425092670e-01
4.293351819121842272e-01 7.845413127425092670e-01
4.293351819121842272e-01 7.845413127425092670e-01
4.348664404270954353e-01 7.724506001609792172e-01
3.893369887147959396e-01 7.716114283396456885e-01
4.371185854873583243e-01 7.819232709413876936e-01
4.313245735405822900e-01 8.212309455820674398e-01
4.265365822250452577e-01 8.658557249279590362e-01
3.769262999185343799e-01 8.293616132585784895e-01
4.024147324244453650e-01 8.778848820614910675e-01
3.963652875411440846e-01 8.823562663763777625e-01
3.963652875411440846e-01 8.823562663763777625e-01
3.738775936730399652e-01 8.403178888277724745e-01
3.738775936730399652e-01 8.403178888277724745e-01
3.738775936730399652e-01 8.403178888277724745e-01
3.993727242672945321e-01 8.302808158942736050e-01
3.914387869579583068e-01 7.943528500677975446e-01
3.914387869579583068e-01 7.943528500677975446e-01
3.632523480742030908e-01 7.828655628184925108e-01
3.983905997673282129e-01 8.043730644276240183e-01
3.885776572793955830e-01 7.745095667411965312e-01
3.823279839868878871e-01 8.076897332222418013e-01
3.823279839868878871e-01 8.076897332222418013e-01
3.823279839868878871e-01 8.076897332222418013e-01
3.823279839868878871e-01 8.076897332222418013e-01
4.247860011709571060e-01 8.148454903385623505e-01
3.992466469300069987e-01 8.252196259276345369e-01
3.935778922630610022e-01 7.767898363824455865e-01
3.935778922630610022e-01 7.767898363824455865e-01
3.935778922630610022e-01 7.767898363824455865e-01
3.935778922630610022e-01 7.767898363824455865e-01
4.360564160818404256e-01 7.933308498045246182e-01
4.720310953756430838e-01 8.050614067582437805e-01
4.524355790046494241e-01 8.190457255191787578e-01
4.131835718823011483e-01 8.208453516666328609e-01
3.860478708395329583e-01 8.011226756493315948e-01
3.807802343789541411e-01 7.864220204402729841e-01
3.807802343789541411e-01 7.864220204402729841e-01
4.218613541018885749e-01 7.666107705349836099e-01
4.218613541018885749e-01 7.666107705349836099e-01
3.871098069969490796e-01 7.889893588532409519e-01
3.505899294534773336e-01 7.935295130186568180e-01
3.381838161304555612e-01 8.406296957354401078e-01
3.314522703263786396e-01 7.945826567129566920e-01
2.851184338547878561e-01 7.488195248083249211e-01
2.851184338547878561e-01 7.488195248083249211e-01
2.496586385871106539e-01 7.489967471603211635e-01
2.802345393214308866e-01 7.064862687120969653e-01
2.802345393214308866e-01 7.064862687120969653e-01
3.041512710130352959e-01 7.303476575922625003e-01
3.014725859210182768e-01 7.505394155343778628e-01
3.014725859210182768e-01 7.505394155343778628e-01
3.014725859210182768e-01 7.505394155343778628e-01
3.014725859210182768e-01 7.505394155343778628e-01
3.438316761586664994e-01 7.750532578111773985e-01
3.268564636565704506e-01 8.080948358832265033e-01
3.566135977665600421e-01 8.347227494944541304e-01
3.606452688020275743e-01 7.855280329299976216e-01
3.606452688020275743e-01 7.855280329299976216e-01
3.606452688020275743e-01 7.855280329299976216e-01
3.917048852249930824e-01 7.882628349352212016e-01
3.567579992308873016e-01 8.181387695693195239e-01
3.557971785796754105e-01 8.029649535080041201e-01
3.454706086959694056e-01 7.611875062104979106e-01
3.930772527405161920e-01 7.270625066375665524e-01
3.818043148056323166e-01 7.301090190754695453e-01
3.375016181195505949e-01 7.551200808475746484e-01
3.382630664241703666e-01 7.705543947606757760e-01
3.465792950587395227e-01 7.379263293095260634e-01
3.002468983849797546e-01 7.157143604007130122e-01
3.002468983849797546e-01 7.157143604007130122e-01
3.002468983849797546e-01 7.157143604007130122e-01
3.215148010772487241e-01 7.053819375672437664e-01
2.739745512067830457e-01 7.519669691225461250e-01
2.992090214044872964e-01 7.540674396914408550e-01
3.420363834934104230e-01 7.076118375566844421e-01
3.615903023356413226e-01 7.515154712666645143e-01
3.947842431016706510e-01 7.670941144610138318e-01
3.947842431016706510e-01 7.670941144610138318e-01
3.978123626955378245e-01 7.360805765528897204e-01
3.659526088350475437e-01 7.533614361178652130e-01
3.961562075069166577e-01 7.947109476305058706e-01
3.831904127732492782e-01 7.803975065869344085e-01
3.832565270396831592e-01 7.726432358057057082e-01
4.248354507492421717e-01 7.979156352441100220e-01
4.210055961172082251e-01 8.011418867482804629e-01
4.210055961172082251e-01 8.011418867482804629e-01
3.804423223954391253e-01 8.410889707603959042e-01
3.629709691622308720e-01 8.139645192687591235e-01
3.722203449971963618e-01 8.484491715445654503e-01
3.722203449971963618e-01 8.484491715445654503e-01
3.722203449971963618e-01 8.484491715445654503e-01
4.012563091714622665e-01 8.239199995890621464e-01
3.826488790493331460e-01 8.643527299564903732e-01
3.992116464457546310e-01 8.612583123982949784e-01
4.275491572627563852e-01 8.835217449381824739e-01
4.191991145491589799e-01 8.463576009812215917e-01
4.191991145491589799e-01 8.463576009812215917e-01
4.163265586061145607e-01 8.945755150685630319e-01
4.163265586061145607e-01 8.945755150685630319e-01
4.163265586061145607e-01 8.945755150685630319e-01
4.076539452803900621e-01 8.484330426128109393e-01
4.095856347407324516e-01 8.318009183408751062e-01
3.838776247896111271e-01 8.790062031227792172e-01
3.955040337198864053e-01 8.656618227157639733e-01
3.955040337198864053e-01 8.656618227157639733e-01
3.914262853457206592e-01 8.457605631079447850e-01
3.914262853457206592e-01 8.457605631079447850e-01
4.097796918100753971e-01 8.715646025594934176e-01
4.459542394177651858e-01 8.253976104931552982e-01
4.459542394177651858e-01 8.253976104931552982e-01
4.320135638102918785e-01 8.377009350607222959e-01
4.236160090959170677e-01 8.214367129359539943e-01
4.236160090959170677e-01 8.214367129359539943e-01
3.855206589880391110e-01 7.962523082341264047e-01
4.253677185346714795e-01 8.214331076565503098e-01
4.545743301651823942e-01 8.126029880828060659e-01
4.517301319634843826e-01 7.958461015204862932e-01
4.517301319634843826e-01 7.958461015204862932e-01
4.601194001064939920e-01 7.472728410000529786e-01
4.601194001064939920e-01 7.472728410000529786e-01
4.601194001064939920e-01 7.472728410000529786e-01
4.630543541780566819e-01 7.927743085720114768e-01
4.375559849626185493e-01 7.492441839539407678e-01
4.265523544786322674e-01 7.448947829226100215e-01
4.001405531572659879e-01 7.908543984988802844e-01
4.059930873209306457e-01 8.069413247257316568e-01
4.059930873209306457e-01 8.069413247257316568e-01
3.880521412336768172e-01 8.533804041121112460e-01
3.764906293150266925e-01 8.965119163629423626e-01
4.197727861016135043e-01 8.645470923308249400e-01
4.197727861016135043e-01 8.645470923308249400e-01
4.089830373499608318e-01 8.327668941016714843e-01
3.872213222685719769e-01 8.391486937173513461e-01
3.846652251052075089e-01 8.732488089119400110e-01
3.738386892326647226e-01 8.828284331280180641e-01
3.904148598990470620e-01 8.573460484020132277e-01
3.851058124709492714e-01 8.771828156413543631e-01
3.900790793345589313e-01 8.556707217751351457e-01
3.541882544752519846e-01 8.197084219783656867e-01
3.676528708365565112e-01 8.584521415485827367e-01
3.679599134374437752e-01 8.760360696130568003e-01
3.679599134374437752e-01 8.760360696130568003e-01
4.115949058616629741e-01 8.780702631651858825e-01
4.115949058616629741e-01 8.780702631651858825e-01
4.260320698827097519e-01 8.299940517226265246e-01
3.896392947099696635e-01 8.189364630335028705e-01
3.896392947099696635e-01 8.189364630335028705e-01
4.260449731692214081e-01 8.546887191638509185e-01
4.260449731692214081e-01 8.546887191638509185e-01
3.806418872340696646e-01 8.694803135489588275e-01
3.720040567290065492e-01 8.389856281757358536e-01
3.914324647561976400e-01 8.664380195494953973e-01
3.995026052884081968e-01 8.707809206573046135e-01
3.995026052884081968e-01 8.707809206573046135e-01
3.995026052884081968e-01 8.707809206573046135e-01
3.727881038943725023e-01 8.951094369246784810e-01
4.039902055571484296e-01 9.043429537675892194e-01
4.039902055571484296e-01 9.043429537675892194e-01
3.988848680922708057e-01 8.561125662001700665e-01
3.988848680922708057e-01 8.561125662001700665e-01
4.225856044180529847e-01 8.386037021627332777e-01
4.225856044180529847e-01 8.386037021627332777e-01
4.269880319908790911e-01 8.395538391260128908e-01
4.092873819215703257e-01 8.509060708796414296e-01
3.839692288192962932e-01 8.160285703866873019e-01
3.669879452794774788e-01 7.876815586077753339e-01
3.682557204901016346e-01 7.698623488293070416e-01
4.106272387678906455e-01 7.978478457515857380e-01
4.106272387678906455e-01 7.978478457515857380e-01
3.861068714448150363e-01 7.708886455004648752e-01
3.861068714448150363e-01 7.708886455004648752e-01
3.861068714448150363e-01 7.708886455004648752e-01
3.861068714448150363e-01 7.708886455004648752e-01
3.920092928304377278e-01 7.866648345965986389e-01
3.477196498622658893e-01 7.389130829329544348e-01
3.666050517739017911e-01 7.323825346949189852e-01
3.444024753211041290e-01 7.532368880556306046e-01
3.275069543498507207e-01 7.897462237797880924e-01
3.089133088960441254e-01 7.703008726016878915e-01
3.089133088960441254e-01 7.703008726016878915e-01
3.139865226751950011e-01 8.062569931272363100e-01
3.553662008445331866e-01 7.969240638619543571e-01
3.553662008445331866e-01 7.969240638619543571e-01
3.950718894827794370e-01 7.918052149310674803e-01
3.785466807891486596e-01 8.165871489679716877e-01
3.701941626764780335e-01 7.853036774063880676e-01
4.048083561379474116e-01 8.287520255018065996e-01
4.400272602155497204e-01 8.059725847288046197e-01
4.400272602155497204e-01 8.059725847288046197e-01
4.220151011253807649e-01 7.960400249243586579e-01
4.067288643463234377e-01 8.439611678747502843e-01
3.877896250263392908e-01 8.892051797694577875e-01
4.058102179184205349e-01 8.476247106189631619e-01
4.058102179184205349e-01 8.476247106189631619e-01
4.133385402336352543e-01 8.404297650967648137e-01
4.133385402336352543e-01 8.404297650967648137e-01
3.926611298797092475e-01 8.083145090654731968e-01
3.638752834104951872e-01 8.521235900931217744e-01
3.781110520019459464e-01 8.274757509923886811e-01
3.781110520019459464e-01 8.274757509923886811e-01
3.781110520019459464e-01 8.274757509923886811e-01
3.658544496976370852e-01 7.891995472086287267e-01
3.658544496976370852e-01 7.891995472086287267e-01
3.658544496976370852e-01 7.891995472086287267e-01
3.510035890311489770e-01 7.608729220074111899e-01
3.510035890311489770e-01 7.608729220074111899e-01
3.985766214323724910e-01 7.985604160710674249e-01
3.985766214323724910e-01 7.985604160710674249e-01
3.985766214323724910e-01 7.985604160710674249e-01
3.561910446738895120e-01 7.494307852328927488e-01
3.841468532788391843e-01 7.445967808193468818e-01
4.040819118626247652e-01 7.930638160460854458e-01
4.166601129473099796e-01 8.044712957152925226e-01
3.733609394408763382e-01 8.365083660859813364e-01
4.191332574753461326e-01 8.612001765726662317e-01
4.155907954086622280e-01 8.833592496857916032e-01
4.360815390212209874e-01 8.845797038911453747e-01
4.215379417498544279e-01 8.787923035437056329e-01
4.328909579604164337e-01 8.771553644722542842e-01
4.439932955242850143e-01 8.325918172401169937e-01
4.439932955242850143e-01 8.325918172401169937e-01
4.048984149647484321e-01 8.597705232761838623e-01
4.118939347574636645e-01 8.791269666411442030e-01
4.086760950693198446e-01 8.439395510629587038e-01
3.700206254076524592e-01 8.015586535170361460e-01
4.105135953068274057e-01 7.749553508424098514e-01
3.765451307102677392e-01 7.610546789731396089e-01
3.765451307102677392e-01 7.610546789731396089e-01
3.618178394716580759e-01 7.184383595750876150e-01
3.532462947055429181e-01 7.645976487812857769e-01
3.702580827715702960e-01 7.171699247438489966e-01
3.702580827715702960e-01 7.171699247438489966e-01
3.560454936486878719e-01 7.192790588239837968e-01
3.560454936486878719e-01 7.192790588239837968e-01
3.709397903183874190e-01 6.932444950005857143e-01
3.709397903183874190e-01 6.932444950005857143e-01
3.467058915720527268e-01 6.800301939569542986e-01
3.956261620131813483e-01 6.884948492873794734e-01
3.540813243561217183e-01 7.004878466844077778e-01
3.602117062411902548e-01 6.800594854263746214e-01
3.718357785348548328e-01 7.243210771216551658e-01
3.718357785348548328e-01 7.243210771216551658e-01
3.656637893017974927e-01 7.425398755628569436e-01
3.973445004890832633e-01 7.163667310084365081e-01
3.566073089067137714e-01 7.592375705901721616e-01
3.566073089067137714e-01 7.592375705901721616e-01
3.469165643429580892e-01 7.427843504930605745e-01
3.469165643429580892e-01 7.427843504930605745e-01
3.958334759338963393e-01 7.196658035047304169e-01
3.875778541432369773e-01 7.122776500516898590e-01
3.875778541432369773e-01 7.122776500516898590e-01
3.675742320765649218e-01 6.903988166597194720e-01
3.675742320765649218e-01 6.903988166597194720e-01
3.331702349291624787e-01 7.160049135984989377e-01
3.376162933533067845e-01 7.554580736275211539e-01
3.376162933533067845e-01 7.554580736275211539e-01
3.764247686197987885e-01 7.066576095916660138e-01
3.764247686197987885e-01 7.066576095916660138e-01
3.869901075939743973e-01 6.862621340177366136e-01
3.976065575180044442e-01 7.317260248712849080e-01
4.020556172718552923e-01 7.645529965741050260e-01
4.034641232417303658e-01 7.726101201635116045e-01
4.034641232417303658e-01 7.726101201635116045e-01
4.034641232417303658e-01 7.726101201635116045e-01
3.841823463101120550e-01 7.509256570587702351e-01
3.841823463101120550e-01 7.509256570587702351e-01
3.841823463101120550e-01 7.509256570587702351e-01
3.403668129726643565e-01 7.702074261190778870e-01
3.863794165012696125e-01 7.698658873398975810e-01
3.863794165012696125e-01 7.698658873398975810e-01
3.420821678535401200e-01 7.824218998547904924e-01
3.856357430968606614e-01 7.930223527506186088e-01
3.939882531830564694e-01 7.563739559617876917e-01
3.781397952193629175e-01 7.306541844532414842e-01
3.781397952193629175e-01 7.306541844532414842e-01
3.482178875986325362e-01 7.593602215854619031e-01
3.756718874093847305e-01 7.317340614373000207e-01
3.839772281924350716e-01 7.244038915700262704e-01
3.455854200953244471e-01 6.939538694110587436e-01
3.588362742724788279e-01 6.751344855447934945e-01
3.683556619084955019e-01 6.295750280369375451e-01
3.683556619084955019e-01 6.295750280369375451e-01
3.732845020022285687e-01 6.378203152732223602e-01
3.481628490257067110e-01 6.653591934197549129e-01
3.481628490257067110e-01 6.653591934197549129e-01
3.976308174808896867e-01 7.071700688585884631e-01
3.755403705267316150e-01 7.356539815642590963e-01
4.039861352429318098e-01 7.544963319728150708e-01
3.631718824091078601e-01 7.742986532915795417e-01
3.550932567206303014e-01 7.545959080073023628e-01
3.208577784576427394e-01 7.872630443786265975e-01
3.137819047525587379e-01 7.494062540529912164e-01
3.271285445734269381e-01 7.678198618057162639e-01
3.271285445734269381e-01 7.678198618057162639e-01
3.271285445734269381e-01 7.678198618057162639e-01
3.435044506975031831e-01 7.913159394553238579e-01
3.743921554267117813e-01 8.059736580811025508e-01
3.743921554267117813e-01 8.059736580811025508e-01
4.105565058685177182e-01 8.435251281638495024e-01
